frame,time,class,probability,probability_rank
0,0:00:00,tawowl1,0.038754578679800034,1
0,0:00:00,brnowl,0.03388994559645653,2
0,0:00:00,comqua1,0.022956985980272293,3
0,0:00:00,loeowl,0.019798386842012405,4
0,0:00:00,eurnig1,0.019222140312194824,5
1,0:00:05,brnowl,0.1367747038602829,1
1,0:00:05,eueowl1,0.07577532529830933,2
1,0:00:05,tawowl1,0.0395970493555069,3
1,0:00:05,loeowl,0.03260137885808945,4
1,0:00:05,grebit1,0.03075915388762951,5
2,0:00:10,tawowl1,0.05765675753355026,1
2,0:00:10,eueowl1,0.043918609619140625,2
2,0:00:10,watrai1,0.042153581976890564,3
2,0:00:10,commoo3,0.04016562178730965,4
2,0:00:10,eurcoo,0.03762270137667656,5
3,0:00:15,tawowl1,0.07397940754890442,1
3,0:00:15,eueowl1,0.0492074154317379,2
3,0:00:15,watrai1,0.04547026753425598,3
3,0:00:15,loeowl,0.04106773063540459,4
3,0:00:15,eurcoo,0.040589477866888046,5
4,0:00:20,tawowl1,0.06390368938446045,1
4,0:00:20,eueowl1,0.05456175655126572,2
4,0:00:20,commoo3,0.04792524129152298,3
4,0:00:20,watrai1,0.0463876873254776,4
4,0:00:20,eurcoo,0.04004432633519173,5
5,0:00:25,tawowl1,0.057892732322216034,1
5,0:00:25,eueowl1,0.03919947147369385,2
5,0:00:25,brnowl,0.03599274903535843,3
5,0:00:25,eurcoo,0.03555171564221382,4
5,0:00:25,watrai1,0.030529439449310303,5
6,0:00:30,tawowl1,0.0512276366353035,1
6,0:00:30,eueowl1,0.048934295773506165,2
6,0:00:30,loeowl,0.043493904173374176,3
6,0:00:30,watrai1,0.036102406680583954,4
6,0:00:30,eurcoo,0.03224436193704605,5
7,0:00:35,brnowl,0.12764815986156464,1
7,0:00:35,commoo3,0.09141082316637039,2
7,0:00:35,eurcoo,0.06499088555574417,3
7,0:00:35,tawowl1,0.04478764533996582,4
7,0:00:35,whimbr,0.03426763787865639,5
8,0:00:40,brnowl,0.4684644937515259,1
8,0:00:40,tawowl1,0.041201598942279816,2
8,0:00:40,loeowl,0.03515690937638283,3
8,0:00:40,eueowl1,0.030933039262890816,4
8,0:00:40,litowl1,0.021508047357201576,5
9,0:00:45,tawowl1,0.11253844946622849,1
9,0:00:45,watrai1,0.06925355643033981,2
9,0:00:45,commoo3,0.057136405259370804,3
9,0:00:45,eurcoo,0.05248432978987694,4
9,0:00:45,eueowl1,0.04279651492834091,5
10,0:00:50,eurcoo,0.055078037083148956,1
10,0:00:50,watrai1,0.04934113100171089,2
10,0:00:50,commoo3,0.0475134402513504,3
10,0:00:50,comqua1,0.035678230226039886,4
10,0:00:50,tawowl1,0.03498389571905136,5
11,0:00:55,commoo3,0.08421448618173599,1
11,0:00:55,tawowl1,0.07303867489099503,2
11,0:00:55,eurcoo,0.05362962558865547,3
11,0:00:55,watrai1,0.0533919595181942,4
11,0:00:55,eueowl1,0.04628748819231987,5
12,0:01:00,commoo3,0.10806628316640854,1
12,0:01:00,eurcoo,0.09662967920303345,2
12,0:01:00,watrai1,0.05469655990600586,3
12,0:01:00,tawowl1,0.04855314642190933,4
12,0:01:00,eueowl1,0.03130656108260155,5
13,0:01:05,tawowl1,0.07821023464202881,1
13,0:01:05,eurcoo,0.07315757125616074,2
13,0:01:05,commoo3,0.06529207527637482,3
13,0:01:05,eurnig1,0.05236257612705231,4
13,0:01:05,eueowl1,0.041553396731615067,5
14,0:01:10,commoo3,0.0716102197766304,1
14,0:01:10,eurnig1,0.06499127298593521,2
14,0:01:10,eueowl1,0.052630167454481125,3
14,0:01:10,eurcoo,0.04788244143128395,4
14,0:01:10,tawowl1,0.043501466512680054,5
15,0:01:15,tawowl1,0.07791092991828918,1
15,0:01:15,commoo3,0.05690303072333336,2
15,0:01:15,watrai1,0.05357088893651962,3
15,0:01:15,eueowl1,0.05004315823316574,4
15,0:01:15,loeowl,0.027352910488843918,5
16,0:01:20,watrai1,0.046205103397369385,1
16,0:01:20,tawowl1,0.03184325620532036,2
16,0:01:20,loeowl,0.024416932836174965,3
16,0:01:20,wilpta,0.022495323792099953,4
16,0:01:20,eurcoo,0.020135223865509033,5
17,0:01:25,loeowl,0.039375435560941696,1
17,0:01:25,eueowl1,0.037136662751436234,2
17,0:01:25,commoo3,0.023284031078219414,3
17,0:01:25,tawowl1,0.020298482850193977,4
17,0:01:25,eurcoo,0.017605435103178024,5
18,0:01:30,tawowl1,0.06694153696298599,1
18,0:01:30,eueowl1,0.03373752906918526,2
18,0:01:30,loeowl,0.023731883615255356,3
18,0:01:30,commoo3,0.02291400544345379,4
18,0:01:30,watrai1,0.021012013778090477,5
19,0:01:35,watrai1,0.04787652567028999,1
19,0:01:35,eueowl1,0.047238998115062714,2
19,0:01:35,tawowl1,0.04156721755862236,3
19,0:01:35,loeowl,0.036113739013671875,4
19,0:01:35,eurcoo,0.031111398711800575,5
20,0:01:40,brnowl,0.07743106037378311,1
20,0:01:40,loeowl,0.07156641781330109,2
20,0:01:40,eueowl1,0.07031117379665375,3
20,0:01:40,tawowl1,0.061949703842401505,4
20,0:01:40,watrai1,0.029757453128695488,5
21,0:01:45,tawowl1,0.051789432764053345,1
21,0:01:45,watrai1,0.043203435838222504,2
21,0:01:45,loeowl,0.0410587452352047,3
21,0:01:45,eueowl1,0.035415168851614,4
21,0:01:45,commoo3,0.03406627103686333,5
22,0:01:50,loeowl,0.07954529672861099,1
22,0:01:50,tawowl1,0.057290054857730865,2
22,0:01:50,eueowl1,0.04345802590250969,3
22,0:01:50,eurcoo,0.04227793961763382,4
22,0:01:50,commoo3,0.04059397801756859,5
23,0:01:55,commoo3,0.08173733204603195,1
23,0:01:55,eurnig1,0.05928228050470352,2
23,0:01:55,tawowl1,0.05806734785437584,3
23,0:01:55,eurcoo,0.057037901133298874,4
23,0:01:55,eueowl1,0.05018990486860275,5
24,0:02:00,commoo3,0.3013268709182739,1
24,0:02:00,eurcoo,0.14984679222106934,2
24,0:02:00,spocra1,0.040410395711660385,3
24,0:02:00,watrai1,0.033062081784009933,4
24,0:02:00,tawowl1,0.03238293528556824,5
25,0:02:05,eueowl1,0.0878530740737915,1
25,0:02:05,brnowl,0.0730230063199997,2
25,0:02:05,tawowl1,0.05182116851210594,3
25,0:02:05,watrai1,0.047082822769880295,4
25,0:02:05,commoo3,0.04458945244550705,5
26,0:02:10,sonthr1,0.6704064607620239,1
26,0:02:10,eurrob1,0.0211563091725111,2
26,0:02:10,ortbun1,0.018320735543966293,3
26,0:02:10,watrai1,0.01621776446700096,4
26,0:02:10,redwin,0.013736388646066189,5
27,0:02:15,watrai1,0.042864393442869186,1
27,0:02:15,loeowl,0.03498593345284462,2
27,0:02:15,commoo3,0.03378676250576973,3
27,0:02:15,tawowl1,0.031350474804639816,4
27,0:02:15,eueowl1,0.030805639922618866,5
28,0:02:20,tawowl1,0.027381531894207,1
28,0:02:20,eueowl1,0.022933010011911392,2
28,0:02:20,wesowl1,0.021994734182953835,3
28,0:02:20,loeowl,0.021517958492040634,4
28,0:02:20,commoo3,0.01774320751428604,5
29,0:02:25,tawowl1,0.033772487193346024,1
29,0:02:25,eueowl1,0.031408462673425674,2
29,0:02:25,litowl1,0.02294132113456726,3
29,0:02:25,ortbun1,0.022146986797451973,4
29,0:02:25,brnowl,0.020655637606978416,5
30,0:02:30,jacsni,0.0688362866640091,1
30,0:02:30,norsho,0.053162675350904465,2
30,0:02:30,tawowl1,0.040088020265102386,3
30,0:02:30,commoo3,0.037228960543870926,4
30,0:02:30,bargol,0.02855268307030201,5
31,0:02:35,commoo3,0.15512721240520477,1
31,0:02:35,comqua1,0.07021801173686981,2
31,0:02:35,brnowl,0.037370115518569946,3
31,0:02:35,eurcoo,0.025744430720806122,4
31,0:02:35,jacsni,0.02261464111506939,5
32,0:02:40,eurcoo,0.03302237018942833,1
32,0:02:40,tawowl1,0.024984709918498993,2
32,0:02:40,wilpta,0.024457590654492378,3
32,0:02:40,wesowl1,0.022447148337960243,4
32,0:02:40,waldra1,0.022290531545877457,5
33,0:02:45,tawowl1,0.05193925276398659,1
33,0:02:45,loeowl,0.04079970344901085,2
33,0:02:45,commoo3,0.030165880918502808,3
33,0:02:45,eurcoo,0.027283411473035812,4
33,0:02:45,eueowl1,0.0255799051374197,5
34,0:02:50,brnowl,0.14924408495426178,1
34,0:02:50,litowl1,0.11589634418487549,2
34,0:02:50,tawowl1,0.05628202483057976,3
34,0:02:50,loeowl,0.027783388271927834,4
34,0:02:50,eurgre1,0.019668251276016235,5
35,0:02:55,eurjay1,0.15913459658622742,1
35,0:02:55,loeowl,0.11457280069589615,2
35,0:02:55,eueowl1,0.058806970715522766,3
35,0:02:55,brnowl,0.04987182468175888,4
35,0:02:55,grhowl,0.027902811765670776,5
36,0:03:00,eueowl1,0.06498809158802032,1
36,0:03:00,loeowl,0.06015395000576973,2
36,0:03:00,watrai1,0.025208521634340286,3
36,0:03:00,eurcoo,0.022579098120331764,4
36,0:03:00,tawowl1,0.018938098102808,5
37,0:03:05,brnowl,0.19284088909626007,1
37,0:03:05,loeowl,0.10890360921621323,2
37,0:03:05,litowl1,0.05733489617705345,3
37,0:03:05,eueowl1,0.030058182775974274,4
37,0:03:05,tawowl1,0.022906456142663956,5
38,0:03:10,tawowl1,0.06260395795106888,1
38,0:03:10,loeowl,0.04941513389348984,2
38,0:03:10,eueowl1,0.04215051233768463,3
38,0:03:10,eurcoo,0.03711855784058571,4
38,0:03:10,commoo3,0.03397830203175545,5
39,0:03:15,tawowl1,0.0725487545132637,1
39,0:03:15,eueowl1,0.043742578476667404,2
39,0:03:15,loeowl,0.03159806504845619,3
39,0:03:15,eurcoo,0.027530578896403313,4
39,0:03:15,watrai1,0.025007862597703934,5
40,0:03:20,tawowl1,0.031548526138067245,1
40,0:03:20,watrai1,0.028841042891144753,2
40,0:03:20,eueowl1,0.027220726013183594,3
40,0:03:20,ortbun1,0.02519683726131916,4
40,0:03:20,eurnig1,0.018688807263970375,5
41,0:03:25,tawowl1,0.06037826091051102,1
41,0:03:25,eueowl1,0.05425671488046646,2
41,0:03:25,ortbun1,0.02574736624956131,3
41,0:03:25,loeowl,0.024726523086428642,4
41,0:03:25,eurcoo,0.02463877946138382,5
42,0:03:30,commoo3,0.1402399092912674,1
42,0:03:30,brnowl,0.035235755145549774,2
42,0:03:30,rinphe,0.028737924993038177,3
42,0:03:30,litowl1,0.027132360264658928,4
42,0:03:30,watrai1,0.02366720698773861,5
43,0:03:35,loeowl,0.41020625829696655,1
43,0:03:35,tawowl1,0.06577679514884949,2
43,0:03:35,brnowl,0.049303844571113586,3
43,0:03:35,norlap,0.01632901094853878,4
43,0:03:35,comcra,0.011580292135477066,5
44,0:03:40,brnowl,0.49018779397010803,1
44,0:03:40,loeowl,0.08596426993608475,2
44,0:03:40,tawowl1,0.02815905027091503,3
44,0:03:40,eurjay1,0.02697620540857315,4
44,0:03:40,litowl1,0.02657376043498516,5
45,0:03:45,grefla3,0.07686082273721695,1
45,0:03:45,jacsni,0.051774926483631134,2
45,0:03:45,tawowl1,0.026092620566487312,3
45,0:03:45,watrai1,0.02285962551832199,4
45,0:03:45,commoo3,0.021970896050333977,5
46,0:03:50,tawowl1,0.12329836189746857,1
46,0:03:50,loeowl,0.05110381171107292,2
46,0:03:50,commoo3,0.03532030060887337,3
46,0:03:50,eueowl1,0.029935533180832863,4
46,0:03:50,watrai1,0.028602145612239838,5
47,0:03:55,tawowl1,0.06720757484436035,1
47,0:03:55,eurcoo,0.05920974165201187,2
47,0:03:55,watrai1,0.03926821053028107,3
47,0:03:55,eueowl1,0.03620487079024315,4
47,0:03:55,comrav,0.034878943115472794,5
48,0:04:00,eurcoo,0.07350826263427734,1
48,0:04:00,tawowl1,0.0692402720451355,2
48,0:04:00,eueowl1,0.06797059625387192,3
48,0:04:00,watrai1,0.03894639015197754,4
48,0:04:00,brnowl,0.03390098735690117,5
49,0:04:05,eurnig1,0.06173821911215782,1
49,0:04:05,tawowl1,0.05997411906719208,2
49,0:04:05,loeowl,0.056215714663267136,3
49,0:04:05,eueowl1,0.04196251183748245,4
49,0:04:05,commoo3,0.04062029719352722,5
50,0:04:10,eurnig1,0.05424825847148895,1
50,0:04:10,tawowl1,0.04986316338181496,2
50,0:04:10,brnowl,0.04378985986113548,3
50,0:04:10,loeowl,0.04027750715613365,4
50,0:04:10,eueowl1,0.03838605433702469,5
51,0:04:15,wesowl1,0.1636562943458557,1
51,0:04:15,commoo3,0.10876317322254181,2
51,0:04:15,tawowl1,0.04502256587147713,3
51,0:04:15,loeowl,0.030768156051635742,4
51,0:04:15,comcra,0.030184756964445114,5
52,0:04:20,eurcoo,0.055513378232717514,1
52,0:04:20,tawowl1,0.053204864263534546,2
52,0:04:20,eueowl1,0.04236827790737152,3
52,0:04:20,commoo3,0.038281768560409546,4
52,0:04:20,watrai1,0.029666021466255188,5
53,0:04:25,tawowl1,0.049588631838560104,1
53,0:04:25,eueowl1,0.04728515446186066,2
53,0:04:25,watrai1,0.036386147141456604,3
53,0:04:25,ortbun1,0.026834044605493546,4
53,0:04:25,eurcoo,0.026325073093175888,5
54,0:04:30,ortbun1,0.054433856159448624,1
54,0:04:30,brnowl,0.05135041102766991,2
54,0:04:30,spocra1,0.047954462468624115,3
54,0:04:30,tawowl1,0.04698559641838074,4
54,0:04:30,eueowl1,0.04546872153878212,5
55,0:04:35,tawowl1,0.051151733845472336,1
55,0:04:35,eueowl1,0.044023700058460236,2
55,0:04:35,ortbun1,0.030509103089571,3
55,0:04:35,grebit1,0.02954818122088909,4
55,0:04:35,grhowl,0.02753295563161373,5
56,0:04:40,commoo3,0.027020156383514404,1
56,0:04:40,dowcra1,0.026122501119971275,2
56,0:04:40,watrai1,0.023132754489779472,3
56,0:04:40,whimbr,0.01910371705889702,4
56,0:04:40,grhowl,0.017842218279838562,5
57,0:04:45,tawowl1,0.01793326810002327,1
57,0:04:45,commoo3,0.01087902206927538,2
57,0:04:45,loeowl,0.010735750198364258,3
57,0:04:45,rinphe,0.009403686039149761,4
57,0:04:45,norsho,0.009318312630057335,5
58,0:04:50,litowl1,0.025430291891098022,1
58,0:04:50,comrav,0.023803504183888435,2
58,0:04:50,tawowl1,0.021640142425894737,3
58,0:04:50,mutswa,0.01593143492937088,4
58,0:04:50,ortbun1,0.01579689420759678,5
59,0:04:55,tawowl1,0.11862114071846008,1
59,0:04:55,eueowl1,0.054045431315898895,2
59,0:04:55,loeowl,0.04803477227687836,3
59,0:04:55,brnowl,0.047695111483335495,4
59,0:04:55,grhowl,0.03537873178720474,5
60,0:05:00,litowl1,0.07764696329832077,1
60,0:05:00,brnowl,0.05640421807765961,2
60,0:05:00,eueowl1,0.02974715083837509,3
60,0:05:00,tawowl1,0.028038835152983665,4
60,0:05:00,loeowl,0.015234001912176609,5
61,0:05:05,tawowl1,0.04543571174144745,1
61,0:05:05,loeowl,0.04443971812725067,2
61,0:05:05,eueowl1,0.0433967262506485,3
61,0:05:05,litowl1,0.04320954903960228,4
61,0:05:05,brnowl,0.023428035899996758,5
62,0:05:10,brnowl,0.05295952782034874,1
62,0:05:10,tawowl1,0.03716709837317467,2
62,0:05:10,eueowl1,0.02856847457587719,3
62,0:05:10,eurcoo,0.02474800869822502,4
62,0:05:10,watrai1,0.022408094257116318,5
63,0:05:15,comrav,0.1282973438501358,1
63,0:05:15,comcra,0.08697766065597534,2
63,0:05:15,grecor,0.0386848971247673,3
63,0:05:15,tawowl1,0.025672150775790215,4
63,0:05:15,rinphe,0.02543625980615616,5
64,0:05:20,loeowl,0.04468002915382385,1
64,0:05:20,eueowl1,0.04069589823484421,2
64,0:05:20,tawowl1,0.036124903708696365,3
64,0:05:20,eurcoo,0.033270981162786484,4
64,0:05:20,watrai1,0.028480714187026024,5
65,0:05:25,tawowl1,0.08450789004564285,1
65,0:05:25,commoo3,0.048487160354852676,2
65,0:05:25,eueowl1,0.042372848838567734,3
65,0:05:25,eurcoo,0.032084446400403976,4
65,0:05:25,loeowl,0.031344909220933914,5
66,0:05:30,loeowl,0.036042895168066025,1
66,0:05:30,eueowl1,0.028449220582842827,2
66,0:05:30,tawowl1,0.028186200186610222,3
66,0:05:30,ortbun1,0.025798995047807693,4
66,0:05:30,brnowl,0.02245236001908779,5
67,0:05:35,tawowl1,0.043662793934345245,1
67,0:05:35,eueowl1,0.023575210943818092,2
67,0:05:35,spofly1,0.021984659135341644,3
67,0:05:35,brnowl,0.020871391519904137,4
67,0:05:35,loeowl,0.016697203740477562,5
68,0:05:40,brnowl,0.1559201329946518,1
68,0:05:40,loeowl,0.03909144550561905,2
68,0:05:40,barowl28,0.03490850329399109,3
68,0:05:40,eueowl1,0.033327553421258926,4
68,0:05:40,litowl1,0.029080446809530258,5
69,0:05:45,brnowl,0.0749945342540741,1
69,0:05:45,tawowl1,0.07406413555145264,2
69,0:05:45,whrswi1,0.040373679250478745,3
69,0:05:45,eueowl1,0.024362171068787575,4
69,0:05:45,eurrob1,0.015583612956106663,5
70,0:05:50,litowl1,0.7190026044845581,1
70,0:05:50,brnowl,0.08579689264297485,2
70,0:05:50,tawowl1,0.012829573825001717,3
70,0:05:50,eurgre1,0.00850178673863411,4
70,0:05:50,eueowl1,0.006286068353801966,5
71,0:05:55,eurjay1,0.5758436918258667,1
71,0:05:55,spotow,0.046570997685194016,2
71,0:05:55,stejay,0.02335645817220211,3
71,0:05:55,litowl1,0.017210068181157112,4
71,0:05:55,brnowl,0.01670868694782257,5
72,0:06:00,brnowl,0.45778635144233704,1
72,0:06:00,loeowl,0.09960014373064041,2
72,0:06:00,tawowl1,0.08171144872903824,3
72,0:06:00,litowl1,0.023322533816099167,4
72,0:06:00,eueowl1,0.02149190381169319,5
73,0:06:05,eueowl1,0.06998318433761597,1
73,0:06:05,tawowl1,0.04886176064610481,2
73,0:06:05,commoo3,0.0435466505587101,3
73,0:06:05,grebit1,0.03731321170926094,4
73,0:06:05,watrai1,0.036406662315130234,5
74,0:06:10,litowl1,0.10478600859642029,1
74,0:06:10,brnowl,0.07407477498054504,2
74,0:06:10,loeowl,0.03591495379805565,3
74,0:06:10,eurgre1,0.03243936970829964,4
74,0:06:10,eueowl1,0.031677328050136566,5
75,0:06:15,tawowl1,0.04051824286580086,1
75,0:06:15,loeowl,0.035611458122730255,2
75,0:06:15,eueowl1,0.023289930075407028,3
75,0:06:15,brnowl,0.02291862852871418,4
75,0:06:15,brdowl,0.02210485190153122,5
76,0:06:20,litowl1,0.18623347580432892,1
76,0:06:20,brnowl,0.12494014948606491,2
76,0:06:20,eurgre1,0.02759932167828083,3
76,0:06:20,tawowl1,0.0238985326141119,4
76,0:06:20,brdowl,0.018904827535152435,5
77,0:06:25,brnowl,0.05484959855675697,1
77,0:06:25,loeowl,0.029144110158085823,2
77,0:06:25,tawowl1,0.02357042394578457,3
77,0:06:25,bkcgna,0.019675787538290024,4
77,0:06:25,bktgna,0.017279932275414467,5
78,0:06:30,tawowl1,0.030722953379154205,1
78,0:06:30,eurcoo,0.02435365319252014,2
78,0:06:30,ortbun1,0.02058376371860504,3
78,0:06:30,watrai1,0.01767241209745407,4
78,0:06:30,loeowl,0.016812169924378395,5
79,0:06:35,watrai1,0.02957492135465145,1
79,0:06:35,tawowl1,0.02938978187739849,2
79,0:06:35,eueowl1,0.025167761370539665,3
79,0:06:35,commoo3,0.017118774354457855,4
79,0:06:35,eurnig1,0.01486500445753336,5
80,0:06:40,brnowl,0.05412442237138748,1
80,0:06:40,loeowl,0.051163192838430405,2
80,0:06:40,tawowl1,0.04767104983329773,3
80,0:06:40,litowl1,0.04282466322183609,4
80,0:06:40,eueowl1,0.03474932909011841,5
81,0:06:45,comqua1,0.046807993203401566,1
81,0:06:45,tawowl1,0.03814766928553581,2
81,0:06:45,eueowl1,0.0251634381711483,3
81,0:06:45,commoo3,0.021269746124744415,4
81,0:06:45,grhowl,0.018602432683110237,5
82,0:06:50,litowl1,0.1656479686498642,1
82,0:06:50,brnowl,0.0894467830657959,2
82,0:06:50,tawowl1,0.034473761916160583,3
82,0:06:50,brncre,0.015745844691991806,4
82,0:06:50,sonthr1,0.01570151001214981,5
83,0:06:55,tawowl1,0.055058591067790985,1
83,0:06:55,eueowl1,0.04012779891490936,2
83,0:06:55,brnowl,0.034247588366270065,3
83,0:06:55,cowpig1,0.019381405785679817,4
83,0:06:55,watrai1,0.01883026212453842,5
84,0:07:00,brnowl,0.1120583564043045,1
84,0:07:00,litowl1,0.09340939670801163,2
84,0:07:00,tawowl1,0.058977849781513214,3
84,0:07:00,eueowl1,0.02896723337471485,4
84,0:07:00,brdowl,0.017236366868019104,5
85,0:07:05,tawowl1,0.07692854106426239,1
85,0:07:05,loeowl,0.04366045445203781,2
85,0:07:05,eueowl1,0.02463896945118904,3
85,0:07:05,watrai1,0.022688817232847214,4
85,0:07:05,brnowl,0.019058139994740486,5
86,0:07:10,tawowl1,0.08663690835237503,1
86,0:07:10,watrai1,0.07489468157291412,2
86,0:07:10,eueowl1,0.055621370673179626,3
86,0:07:10,commoo3,0.027217136695981026,4
86,0:07:10,eurcoo,0.024247169494628906,5
87,0:07:15,eurrob1,0.07978886365890503,1
87,0:07:15,eurtre1,0.04883167892694473,2
87,0:07:15,blawoo1,0.04153566434979439,3
87,0:07:15,comrav,0.03845461085438728,4
87,0:07:15,shttre1,0.03463292866945267,5
88,0:07:20,tawowl1,0.06596367061138153,1
88,0:07:20,loeowl,0.04107076674699783,2
88,0:07:20,eurcoo,0.03703312948346138,3
88,0:07:20,commoo3,0.0332806222140789,4
88,0:07:20,eurnig1,0.03177186846733093,5
89,0:07:25,eueowl1,0.06544168293476105,1
89,0:07:25,tawowl1,0.06321889907121658,2
89,0:07:25,commoo3,0.06147926300764084,3
89,0:07:25,eurcoo,0.059384964406490326,4
89,0:07:25,eurnig1,0.04212949797511101,5
90,0:07:30,grebit1,0.22889885306358337,1
90,0:07:30,blksco1,0.05191055312752724,2
90,0:07:30,manshe,0.03426629304885864,3
90,0:07:30,wesowl1,0.026981115341186523,4
90,0:07:30,eurcoo,0.02685421332716942,5
91,0:07:35,tawowl1,0.0679430216550827,1
91,0:07:35,eueowl1,0.028694506734609604,2
91,0:07:35,watrai1,0.02729000337421894,3
91,0:07:35,commoo3,0.025318248197436333,4
91,0:07:35,eurcur,0.022931644693017006,5
92,0:07:40,commoo3,0.05366532877087593,1
92,0:07:40,comqua1,0.030610626563429832,2
92,0:07:40,brnowl,0.024243008345365524,3
92,0:07:40,tawowl1,0.02280321903526783,4
92,0:07:40,watrai1,0.02243887260556221,5
93,0:07:45,tawowl1,0.09286065399646759,1
93,0:07:45,brnowl,0.08709988743066788,2
93,0:07:45,loeowl,0.05681123584508896,3
93,0:07:45,eueowl1,0.04628078266978264,4
93,0:07:45,blksco1,0.030321631580591202,5
94,0:07:50,blksco1,0.08954732120037079,1
94,0:07:50,tawowl1,0.07928776741027832,2
94,0:07:50,eurcoo,0.05535683035850525,3
94,0:07:50,manshe,0.043036673218011856,4
94,0:07:50,eueowl1,0.03259289264678955,5
95,0:07:55,commoo3,0.08154037594795227,1
95,0:07:55,tawowl1,0.07819567620754242,2
95,0:07:55,eurcoo,0.06437397003173828,3
95,0:07:55,eueowl1,0.04628313332796097,4
95,0:07:55,watrai1,0.03238941729068756,5
96,0:08:00,blksco1,0.0732048824429512,1
96,0:08:00,commoo3,0.05847759544849396,2
96,0:08:00,eueowl1,0.04744179546833038,3
96,0:08:00,tawowl1,0.04557571932673454,4
96,0:08:00,eurcoo,0.044867657124996185,5
97,0:08:05,commoo3,0.06959473341703415,1
97,0:08:05,tawowl1,0.04601758345961571,2
97,0:08:05,eueowl1,0.04309577867388725,3
97,0:08:05,eurcoo,0.0413549579679966,4
97,0:08:05,loeowl,0.04023803770542145,5
98,0:08:10,commoo3,0.08167656511068344,1
98,0:08:10,tawowl1,0.06211613863706589,2
98,0:08:10,eurcoo,0.05107632651925087,3
98,0:08:10,eueowl1,0.04748702049255371,4
98,0:08:10,loeowl,0.03124331869184971,5
99,0:08:15,spocra1,0.06405171006917953,1
99,0:08:15,commoo3,0.060002099722623825,2
99,0:08:15,eurcoo,0.051920901983976364,3
99,0:08:15,eueowl1,0.04254819452762604,4
99,0:08:15,watrai1,0.03232726454734802,5
100,0:08:20,tawowl1,0.09278996288776398,1
100,0:08:20,commoo3,0.06380022317171097,2
100,0:08:20,loeowl,0.05349370092153549,3
100,0:08:20,eueowl1,0.049667950719594955,4
100,0:08:20,eurcoo,0.03124369867146015,5
101,0:08:25,redwin,0.06822726875543594,1
101,0:08:25,eurbla,0.055286649614572525,2
101,0:08:25,eurrob1,0.04576890915632248,3
101,0:08:25,loeowl,0.03782706707715988,4
101,0:08:25,tawowl1,0.03614114224910736,5
102,0:08:30,commoo3,0.07670251280069351,1
102,0:08:30,eurcoo,0.06451301276683807,2
102,0:08:30,tawowl1,0.061316512525081635,3
102,0:08:30,eueowl1,0.04987048730254173,4
102,0:08:30,watrai1,0.04104018956422806,5
103,0:08:35,brnowl,0.388788640499115,1
103,0:08:35,eueowl1,0.030995698645710945,2
103,0:08:35,tawowl1,0.028334861621260643,3
103,0:08:35,litowl1,0.023308316245675087,4
103,0:08:35,loeowl,0.022975750267505646,5
104,0:08:40,brnowl,0.36629393696784973,1
104,0:08:40,tawowl1,0.06405750662088394,2
104,0:08:40,eueowl1,0.038880981504917145,3
104,0:08:40,litowl1,0.029986698180437088,4
104,0:08:40,loeowl,0.026244405657052994,5
105,0:08:45,brnowl,0.5232118964195251,1
105,0:08:45,loeowl,0.030478578060865402,2
105,0:08:45,litowl1,0.025556985288858414,3
105,0:08:45,eurjay1,0.017498239874839783,4
105,0:08:45,azwmag3,0.014605682343244553,5
106,0:08:50,tawowl1,0.10206899046897888,1
106,0:08:50,loeowl,0.0375567190349102,2
106,0:08:50,eueowl1,0.03170662000775337,3
106,0:08:50,brnowl,0.027386795729398727,4
106,0:08:50,eurcoo,0.024615440517663956,5
107,0:08:55,brnowl,0.6022019982337952,1
107,0:08:55,eueowl1,0.03055531345307827,2
107,0:08:55,tawowl1,0.022536270320415497,3
107,0:08:55,loeowl,0.020998233929276466,4
107,0:08:55,litowl1,0.011537781916558743,5
108,0:09:00,commoo3,0.10256931930780411,1
108,0:09:00,tawowl1,0.06355731934309006,2
108,0:09:00,eurcoo,0.058576878160238266,3
108,0:09:00,grebit1,0.0478188693523407,4
108,0:09:00,eueowl1,0.03899012878537178,5
109,0:09:05,brnowl,0.09357944130897522,1
109,0:09:05,tawowl1,0.0636758878827095,2
109,0:09:05,litowl1,0.040680527687072754,3
109,0:09:05,eueowl1,0.03661763295531273,4
109,0:09:05,loeowl,0.023164326325058937,5
110,0:09:10,brnowl,0.11679097265005112,1
110,0:09:10,litowl1,0.047070447355508804,2
110,0:09:10,eueowl1,0.02886471152305603,3
110,0:09:10,tawowl1,0.02784154750406742,4
110,0:09:10,loeowl,0.02721240557730198,5
111,0:09:15,tawowl1,0.038973160088062286,1
111,0:09:15,comrav,0.038823217153549194,2
111,0:09:15,comcra,0.02768920175731182,3
111,0:09:15,loeowl,0.02714909240603447,4
111,0:09:15,watrai1,0.026676414534449577,5
112,0:09:20,tawowl1,0.1025015115737915,1
112,0:09:20,comcra,0.042441289871931076,2
112,0:09:20,watrai1,0.03334828466176987,3
112,0:09:20,commoo3,0.03026149980723858,4
112,0:09:20,eurcoo,0.028692789375782013,5
113,0:09:25,eueowl1,0.07209344953298569,1
113,0:09:25,tawowl1,0.06262772530317307,2
113,0:09:25,loeowl,0.03811698779463768,3
113,0:09:25,grhowl,0.022725507616996765,4
113,0:09:25,watrai1,0.02132568135857582,5
114,0:09:30,eueowl1,0.08039509505033493,1
114,0:09:30,tawowl1,0.07363809645175934,2
114,0:09:30,commoo3,0.03787321224808693,3
114,0:09:30,eurcoo,0.035106971859931946,4
114,0:09:30,watrai1,0.03242012485861778,5
115,0:09:35,brnowl,0.27714699506759644,1
115,0:09:35,tawowl1,0.06709478795528412,2
115,0:09:35,eueowl1,0.05693185701966286,3
115,0:09:35,loeowl,0.04406663402915001,4
115,0:09:35,ortbun1,0.027262888848781586,5
116,0:09:40,brnowl,0.1271268129348755,1
116,0:09:40,tawowl1,0.045937009155750275,2
116,0:09:40,loeowl,0.04419601336121559,3
116,0:09:40,wiltit1,0.040228456258773804,4
116,0:09:40,litowl1,0.02678665705025196,5
117,0:09:45,tawowl1,0.06018364429473877,1
117,0:09:45,litowl1,0.03974079713225365,2
117,0:09:45,brnowl,0.03698299825191498,3
117,0:09:45,eueowl1,0.034686047583818436,4
117,0:09:45,eurrob1,0.025967584922909737,5
118,0:09:50,comrav,0.12812334299087524,1
118,0:09:50,tawowl1,0.0466594360768795,2
118,0:09:50,loeowl,0.046339914202690125,3
118,0:09:50,eueowl1,0.046304851770401,4
118,0:09:50,cowpig1,0.03221703693270683,5
119,0:09:55,brnowl,0.18194599449634552,1
119,0:09:55,eurnut1,0.10118845850229263,2
119,0:09:55,ortbun1,0.032211147248744965,3
119,0:09:55,eurnig1,0.024910589680075645,4
119,0:09:55,loeowl,0.01803983375430107,5
120,0:10:00,brnowl,0.48600220680236816,1
120,0:10:00,tawowl1,0.0594637505710125,2
120,0:10:00,litowl1,0.04070952162146568,3
120,0:10:00,eueowl1,0.03382240980863571,4
120,0:10:00,loeowl,0.012843988835811615,5
121,0:10:05,eueowl1,0.2619072496891022,1
121,0:10:05,uraowl1,0.07470338046550751,2
121,0:10:05,loeowl,0.06515026837587357,3
121,0:10:05,flaowl,0.05278577283024788,4
121,0:10:05,tawowl1,0.04721198230981827,5
122,0:10:10,ortbun1,0.05384579673409462,1
122,0:10:10,eurcoo,0.05104778707027435,2
122,0:10:10,whoswa,0.04557401314377785,3
122,0:10:10,tawowl1,0.03671123832464218,4
122,0:10:10,watrai1,0.03549536317586899,5
123,0:10:15,commoo3,0.07140103727579117,1
123,0:10:15,eurcoo,0.0658964216709137,2
123,0:10:15,eueowl1,0.06179266795516014,3
123,0:10:15,tawowl1,0.060353875160217285,4
123,0:10:15,grebit1,0.046582795679569244,5
124,0:10:20,tawowl1,0.0715123638510704,1
124,0:10:20,eurcoo,0.052238233387470245,2
124,0:10:20,eueowl1,0.050831716507673264,3
124,0:10:20,commoo3,0.04819106683135033,4
124,0:10:20,eurnig1,0.0388980396091938,5
125,0:10:25,commoo3,0.06859688460826874,1
125,0:10:25,tawowl1,0.050582487136125565,2
125,0:10:25,eueowl1,0.04813167080283165,3
125,0:10:25,eurcoo,0.04618388041853905,4
125,0:10:25,watrai1,0.04353288561105728,5
126,0:10:30,tawowl1,0.07271391153335571,1
126,0:10:30,loeowl,0.0635632872581482,2
126,0:10:30,commoo3,0.05773795023560524,3
126,0:10:30,eueowl1,0.05071419104933739,4
126,0:10:30,brnowl,0.048407796770334244,5
127,0:10:35,tawowl1,0.06487376242876053,1
127,0:10:35,commoo3,0.06099749729037285,2
127,0:10:35,bcnher,0.04859296604990959,3
127,0:10:35,loeowl,0.04100975766777992,4
127,0:10:35,spocra1,0.04012172669172287,5
128,0:10:40,brnowl,0.05841828137636185,1
128,0:10:40,tawowl1,0.04617135226726532,2
128,0:10:40,ortbun1,0.04366045445203781,3
128,0:10:40,commoo3,0.04245524853467941,4
128,0:10:40,loeowl,0.040444694459438324,5
129,0:10:45,tawowl1,0.055316925048828125,1
129,0:10:45,eueowl1,0.0518907867372036,2
129,0:10:45,commoo3,0.0395035557448864,3
129,0:10:45,watrai1,0.03784928843379021,4
129,0:10:45,brnowl,0.029499094933271408,5
130,0:10:50,loeowl,0.061751484870910645,1
130,0:10:50,tawowl1,0.05847279727458954,2
130,0:10:50,eueowl1,0.05632634460926056,3
130,0:10:50,rocpig,0.050725195556879044,4
130,0:10:50,rinphe,0.03961781784892082,5
131,0:10:55,comqua1,0.07462850958108902,1
131,0:10:55,watrai1,0.06354077905416489,2
131,0:10:55,mallar3,0.03632397577166557,3
131,0:10:55,eurcoo,0.03216448426246643,4
131,0:10:55,eurnig1,0.02990373782813549,5
132,0:11:00,eurrob1,0.21036171913146973,1
132,0:11:00,shttre1,0.07419092953205109,2
132,0:11:00,eurtre1,0.06256511062383652,3
132,0:11:00,goldcr1,0.04374467581510544,4
132,0:11:00,eurbla,0.0290758665651083,5
133,0:11:05,loeowl,0.10457383096218109,1
133,0:11:05,eueowl1,0.06389055401086807,2
133,0:11:05,tawowl1,0.05779533088207245,3
133,0:11:05,brnowl,0.056852780282497406,4
133,0:11:05,commoo3,0.024861106649041176,5
134,0:11:10,litowl1,0.10633784532546997,1
134,0:11:10,brnowl,0.1037931889295578,2
134,0:11:10,blagro1,0.023792067542672157,3
134,0:11:10,rocpig,0.02202647179365158,4
134,0:11:10,loeowl,0.019263356924057007,5
135,0:11:15,brnowl,0.06199829280376434,1
135,0:11:15,tawowl1,0.05108590051531792,2
135,0:11:15,loeowl,0.04093609377741814,3
135,0:11:15,eueowl1,0.0337047278881073,4
135,0:11:15,commoo3,0.029246503487229347,5
136,0:11:20,commoo3,0.05864192917943001,1
136,0:11:20,eueowl1,0.04965564236044884,2
136,0:11:20,tawowl1,0.04894125089049339,3
136,0:11:20,loeowl,0.042306892573833466,4
136,0:11:20,comqua1,0.041817162185907364,5
137,0:11:25,tawowl1,0.0849948599934578,1
137,0:11:25,eueowl1,0.05547982454299927,2
137,0:11:25,loeowl,0.05475890263915062,3
137,0:11:25,commoo3,0.024635104462504387,4
137,0:11:25,watrai1,0.02225433848798275,5
138,0:11:30,loeowl,0.051699310541152954,1
138,0:11:30,eurcoo,0.04401734098792076,2
138,0:11:30,eueowl1,0.03180157020688057,3
138,0:11:30,watrai1,0.030609985813498497,4
138,0:11:30,tawowl1,0.028933901339769363,5
139,0:11:35,eueowl1,0.06316891312599182,1
139,0:11:35,loeowl,0.05665858834981918,2
139,0:11:35,watrai1,0.046237602829933167,3
139,0:11:35,tawowl1,0.04447168484330177,4
139,0:11:35,commoo3,0.03039989061653614,5
140,0:11:40,tawowl1,0.08255405724048615,1
140,0:11:40,eueowl1,0.042101673781871796,2
140,0:11:40,loeowl,0.028908487409353256,3
140,0:11:40,watrai1,0.023692352697253227,4
140,0:11:40,commoo3,0.022192852571606636,5
141,0:11:45,sonthr1,0.4181896448135376,1
141,0:11:45,eurrob1,0.0687398687005043,2
141,0:11:45,hawfin,0.03986241668462753,3
141,0:11:45,lottit1,0.034183625131845474,4
141,0:11:45,yellow2,0.023238323628902435,5
142,0:11:50,eueowl1,0.10004882514476776,1
142,0:11:50,tawowl1,0.06938869506120682,2
142,0:11:50,commoo3,0.04647589102387428,3
142,0:11:50,loeowl,0.038012657314538956,4
142,0:11:50,watrai1,0.032370030879974365,5
143,0:11:55,eueowl1,0.06852295249700546,1
143,0:11:55,tawowl1,0.05750715732574463,2
143,0:11:55,watrai1,0.05390489101409912,3
143,0:11:55,ortbun1,0.02742597460746765,4
143,0:11:55,loeowl,0.027195211499929428,5
144,0:12:00,tawowl1,0.033800434321165085,1
144,0:12:00,comrav,0.02522888034582138,2
144,0:12:00,nswowl,0.014847434125840664,3
144,0:12:00,eucdov,0.0135100819170475,4
144,0:12:00,watrai1,0.012908201664686203,5
145,0:12:05,litowl1,0.22127239406108856,1
145,0:12:05,brnowl,0.14830392599105835,2
145,0:12:05,eurgre1,0.0289129838347435,3
145,0:12:05,tawowl1,0.016290225088596344,4
145,0:12:05,taifly1,0.010885082185268402,5
146,0:12:10,tawowl1,0.06437207758426666,1
146,0:12:10,brnowl,0.061771001666784286,2
146,0:12:10,loeowl,0.030562449246644974,3
146,0:12:10,brdowl,0.030109446495771408,4
146,0:12:10,ortbun1,0.020187420770525932,5
147,0:12:15,brnowl,0.11850500106811523,1
147,0:12:15,tawowl1,0.05641694739460945,2
147,0:12:15,eueowl1,0.04538795351982117,3
147,0:12:15,loeowl,0.03817945718765259,4
147,0:12:15,commoo3,0.02451086789369583,5
148,0:12:20,blawoo1,0.16982080042362213,1
148,0:12:20,brnowl,0.06109774112701416,2
148,0:12:20,tawowl1,0.03752036765217781,3
148,0:12:20,loeowl,0.03348382189869881,4
148,0:12:20,watrai1,0.029196258634328842,5
149,0:12:25,tawowl1,0.08509298413991928,1
149,0:12:25,eueowl1,0.047974858433008194,2
149,0:12:25,loeowl,0.04084744676947594,3
149,0:12:25,watrai1,0.03843805566430092,4
149,0:12:25,eurcoo,0.03139101341366768,5
150,0:12:30,tawowl1,0.08781320601701736,1
150,0:12:30,loeowl,0.05670134723186493,2
150,0:12:30,eurnig1,0.05472725257277489,3
150,0:12:30,eueowl1,0.052908364683389664,4
150,0:12:30,grebit1,0.049077946692705154,5
151,0:12:35,commoo3,0.053050752729177475,1
151,0:12:35,eueowl1,0.051378972828388214,2
151,0:12:35,eurcoo,0.04510199651122093,3
151,0:12:35,tawowl1,0.043303780257701874,4
151,0:12:35,watrai1,0.035648081451654434,5
152,0:12:40,commoo3,0.0736256018280983,1
152,0:12:40,blksco1,0.06668636202812195,2
152,0:12:40,eurcoo,0.03988594934344292,3
152,0:12:40,comqua1,0.037224024534225464,4
152,0:12:40,watrai1,0.03314772620797157,5
153,0:12:45,eurcoo,0.06618040800094604,1
153,0:12:45,watrai1,0.0651075467467308,2
153,0:12:45,tawowl1,0.0572713240981102,3
153,0:12:45,eueowl1,0.043888840824365616,4
153,0:12:45,commoo3,0.04215959087014198,5
154,0:12:50,tawowl1,0.06872953474521637,1
154,0:12:50,loeowl,0.045915212482213974,2
154,0:12:50,eueowl1,0.042480964213609695,3
154,0:12:50,commoo3,0.040955476462841034,4
154,0:12:50,eurcoo,0.03742770478129387,5
155,0:12:55,eueowl1,0.06776450574398041,1
155,0:12:55,watrai1,0.06638436764478683,2
155,0:12:55,tawowl1,0.05294310301542282,3
155,0:12:55,brnowl,0.045220065861940384,4
155,0:12:55,ortbun1,0.03785325214266777,5
156,0:13:00,loeowl,0.05910912901163101,1
156,0:13:00,tawowl1,0.05604039877653122,2
156,0:13:00,eueowl1,0.049681756645441055,3
156,0:13:00,eurcoo,0.030171705409884453,4
156,0:13:00,watrai1,0.025924285873770714,5
157,0:13:05,eueowl1,0.03613681718707085,1
157,0:13:05,tawowl1,0.033967241644859314,2
157,0:13:05,watrai1,0.028077714145183563,3
157,0:13:05,eurcoo,0.02736288122832775,4
157,0:13:05,loeowl,0.02441379800438881,5
158,0:13:10,loeowl,0.05777881294488907,1
158,0:13:10,tawowl1,0.05540791526436806,2
158,0:13:10,eurcoo,0.03720448911190033,3
158,0:13:10,watrai1,0.03692092001438141,4
158,0:13:10,eueowl1,0.03689739853143692,5
159,0:13:15,tawowl1,0.07491060346364975,1
159,0:13:15,loeowl,0.05446358025074005,2
159,0:13:15,eueowl1,0.047202885150909424,3
159,0:13:15,blawoo1,0.03182452917098999,4
159,0:13:15,commoo3,0.024822045117616653,5
160,0:13:20,tawowl1,0.07610110938549042,1
160,0:13:20,eueowl1,0.050334393978118896,2
160,0:13:20,eurcoo,0.0445602722465992,3
160,0:13:20,watrai1,0.04145835340023041,4
160,0:13:20,loeowl,0.04121139645576477,5
161,0:13:25,tawowl1,0.06951328366994858,1
161,0:13:25,commoo3,0.0680471807718277,2
161,0:13:25,eueowl1,0.04115671291947365,3
161,0:13:25,eurcoo,0.03890282288193703,4
161,0:13:25,loeowl,0.03514212742447853,5
162,0:13:30,commoo3,0.08618424832820892,1
162,0:13:30,eurcoo,0.06356784701347351,2
162,0:13:30,tawowl1,0.061526089906692505,3
162,0:13:30,loeowl,0.04126198589801788,4
162,0:13:30,eueowl1,0.0405675433576107,5
163,0:13:35,commoo3,0.06341958791017532,1
163,0:13:35,eurcoo,0.05329682305455208,2
163,0:13:35,tawowl1,0.05197792500257492,3
163,0:13:35,eueowl1,0.0392041876912117,4
163,0:13:35,grebit1,0.03609706461429596,5
164,0:13:40,commoo3,0.12683604657649994,1
164,0:13:40,tawowl1,0.07940194010734558,2
164,0:13:40,eurcoo,0.07064540684223175,3
164,0:13:40,eueowl1,0.04181569442152977,4
164,0:13:40,loeowl,0.040429484099149704,5
165,0:13:45,eurcoo,0.06655130535364151,1
165,0:13:45,watrai1,0.06087814271450043,2
165,0:13:45,commoo3,0.05969890207052231,3
165,0:13:45,tawowl1,0.05723509192466736,4
165,0:13:45,eurnig1,0.053384315222501755,5
166,0:13:50,eueowl1,0.08141797035932541,1
166,0:13:50,tawowl1,0.07356312870979309,2
166,0:13:50,loeowl,0.07296992838382721,3
166,0:13:50,commoo3,0.05688969045877457,4
166,0:13:50,brnowl,0.04879419878125191,5
167,0:13:55,eurnig1,0.08549575507640839,1
167,0:13:55,brnowl,0.05427961051464081,2
167,0:13:55,spocra1,0.044149450957775116,3
167,0:13:55,loeowl,0.037728648632764816,4
167,0:13:55,whimbr,0.03405037522315979,5
168,0:14:00,eueowl1,0.2531430125236511,1
168,0:14:00,brnowl,0.09984394162893295,2
168,0:14:00,grhowl,0.05381546542048454,3
168,0:14:00,uraowl1,0.03591446205973625,4
168,0:14:00,ortbun1,0.02975071594119072,5
169,0:14:05,tawowl1,0.06261209398508072,1
169,0:14:05,eueowl1,0.03637681156396866,2
169,0:14:05,loeowl,0.030975960195064545,3
169,0:14:05,grhowl,0.019712205976247787,4
169,0:14:05,watrai1,0.018463030457496643,5
170,0:14:10,tawowl1,0.04664190113544464,1
170,0:14:10,eueowl1,0.03461115062236786,2
170,0:14:10,loeowl,0.03210289403796196,3
170,0:14:10,comqua1,0.02922174148261547,4
170,0:14:10,comrav,0.02558017708361149,5
171,0:14:15,tawowl1,0.0695190504193306,1
171,0:14:15,eueowl1,0.0651501715183258,2
171,0:14:15,loeowl,0.05262815207242966,3
171,0:14:15,brnowl,0.0416298434138298,4
171,0:14:15,commoo3,0.03246090188622475,5
172,0:14:20,tawowl1,0.06092771515250206,1
172,0:14:20,eueowl1,0.04021183401346207,2
172,0:14:20,commoo3,0.032550420612096786,3
172,0:14:20,loeowl,0.027911312878131866,4
172,0:14:20,grebit1,0.020185912027955055,5
173,0:14:25,tawowl1,0.0877310186624527,1
173,0:14:25,eueowl1,0.0707564651966095,2
173,0:14:25,loeowl,0.05250805988907814,3
173,0:14:25,watrai1,0.03018309734761715,4
173,0:14:25,commoo3,0.028361352160573006,5
174,0:14:30,tawowl1,0.1206342875957489,1
174,0:14:30,watrai1,0.046713054180145264,2
174,0:14:30,eueowl1,0.04541396722197533,3
174,0:14:30,loeowl,0.04342896118760109,4
174,0:14:30,eurcoo,0.031718868762254715,5
175,0:14:35,grefla3,0.07290239632129669,1
175,0:14:35,eurcoo,0.06866270303726196,2
175,0:14:35,watrai1,0.041470788419246674,3
175,0:14:35,comqua1,0.03605442866683006,4
175,0:14:35,commoo3,0.03580125793814659,5
176,0:14:40,commoo3,0.12223249673843384,1
176,0:14:40,eueowl1,0.05153325945138931,2
176,0:14:40,tawowl1,0.0454678051173687,3
176,0:14:40,loeowl,0.038695089519023895,4
176,0:14:40,eurcoo,0.03606243059039116,5
177,0:14:45,loeowl,0.04897428676486015,1
177,0:14:45,tawowl1,0.04517468437552452,2
177,0:14:45,eueowl1,0.034402139484882355,3
177,0:14:45,watrai1,0.033920545130968094,4
177,0:14:45,brnowl,0.033675871789455414,5
178,0:14:50,tawowl1,0.08428438007831573,1
178,0:14:50,commoo3,0.0665244311094284,2
178,0:14:50,eurcoo,0.05613671988248825,3
178,0:14:50,watrai1,0.05305580794811249,4
178,0:14:50,eueowl1,0.05127621814608574,5
179,0:14:55,tawowl1,0.07930665463209152,1
179,0:14:55,commoo3,0.07088072597980499,2
179,0:14:55,brnowl,0.05689694359898567,3
179,0:14:55,eurcoo,0.0526050440967083,4
179,0:14:55,loeowl,0.05185814946889877,5
180,0:15:00,tawowl1,0.05778241530060768,1
180,0:15:00,commoo3,0.04748891294002533,2
180,0:15:00,eurcoo,0.03643665090203285,3
180,0:15:00,blksco1,0.034913308918476105,4
180,0:15:00,eueowl1,0.03440302982926369,5
181,0:15:05,loeowl,0.14005577564239502,1
181,0:15:05,tawowl1,0.11537981033325195,2
181,0:15:05,eueowl1,0.07330073416233063,3
181,0:15:05,eurcoo,0.03799028322100639,4
181,0:15:05,commoo3,0.03300095349550247,5
182,0:15:10,tawowl1,0.09849957376718521,1
182,0:15:10,commoo3,0.04583274573087692,2
182,0:15:10,eueowl1,0.0452476367354393,3
182,0:15:10,eurcoo,0.03548726812005043,4
182,0:15:10,eurbla,0.03438074141740799,5
183,0:15:15,brnowl,0.07204131036996841,1
183,0:15:15,grebit1,0.06989240646362305,2
183,0:15:15,tawowl1,0.06255942583084106,3
183,0:15:15,eurcoo,0.05718501657247543,4
183,0:15:15,eueowl1,0.05037495493888855,5
184,0:15:20,commoo3,0.06060362979769707,1
184,0:15:20,tawowl1,0.04685593023896217,2
184,0:15:20,eueowl1,0.04423828050494194,3
184,0:15:20,eurnig1,0.04338089004158974,4
184,0:15:20,loeowl,0.0399259477853775,5
185,0:15:25,loeowl,0.37162718176841736,1
185,0:15:25,tawowl1,0.07302949577569962,2
185,0:15:25,uraowl1,0.05431484431028366,3
185,0:15:25,eueowl1,0.04555918648838997,4
185,0:15:25,commoo3,0.03446977585554123,5
186,0:15:30,eueowl1,0.06880861520767212,1
186,0:15:30,tawowl1,0.05724116787314415,2
186,0:15:30,loeowl,0.05520181730389595,3
186,0:15:30,watrai1,0.03222827985882759,4
186,0:15:30,eurnig1,0.030954252928495407,5
187,0:15:35,commoo3,0.26766133308410645,1
187,0:15:35,tawowl1,0.026200292631983757,2
187,0:15:35,eueowl1,0.02051668055355549,3
187,0:15:35,eurcoo,0.018179986625909805,4
187,0:15:35,loeowl,0.018154028803110123,5
188,0:15:40,commoo3,0.10232023149728775,1
188,0:15:40,giacoo1,0.03406274691224098,2
188,0:15:40,bargol,0.031470395624637604,3
188,0:15:40,jacsni,0.030892305076122284,4
188,0:15:40,smew,0.025211045518517494,5
189,0:15:45,commoo3,0.13769061863422394,1
189,0:15:45,eurcoo,0.043694473803043365,2
189,0:15:45,tawowl1,0.03623554855585098,3
189,0:15:45,eueowl1,0.03001571074128151,4
189,0:15:45,watrai1,0.024569908156991005,5
190,0:15:50,tawowl1,0.04058657959103584,1
190,0:15:50,eueowl1,0.04049961268901825,2
190,0:15:50,commoo3,0.03991955891251564,3
190,0:15:50,eurcoo,0.037970416247844696,4
190,0:15:50,loeowl,0.037778589874506,5
191,0:15:55,eueowl1,0.0314471535384655,1
191,0:15:55,watrai1,0.027920180931687355,2
191,0:15:55,loeowl,0.02720174379646778,3
191,0:15:55,tawowl1,0.024469461292028427,4
191,0:15:55,eurnig1,0.019722111523151398,5
192,0:16:00,commoo3,0.07866612821817398,1
192,0:16:00,tawowl1,0.046161193400621414,2
192,0:16:00,eurcoo,0.03912779688835144,3
192,0:16:00,spocra1,0.039103999733924866,4
192,0:16:00,loeowl,0.03714756295084953,5
193,0:16:05,eurnig1,0.07710227370262146,1
193,0:16:05,commoo3,0.03752557188272476,2
193,0:16:05,eurcoo,0.03693334385752678,3
193,0:16:05,loeowl,0.036483727395534515,4
193,0:16:05,tawowl1,0.03187768906354904,5
194,0:16:10,brnowl,0.05160721763968468,1
194,0:16:10,eurnig1,0.051229845732450485,2
194,0:16:10,grebit1,0.048615481704473495,3
194,0:16:10,commoo3,0.0460655577480793,4
194,0:16:10,tawowl1,0.040980689227581024,5
195,0:16:15,eueowl1,0.07602770626544952,1
195,0:16:15,tawowl1,0.07156117260456085,2
195,0:16:15,eurcoo,0.04766767472028732,3
195,0:16:15,commoo3,0.03995952755212784,4
195,0:16:15,loeowl,0.03703880310058594,5
196,0:16:20,eueowl1,0.0370539091527462,1
196,0:16:20,tawowl1,0.029705677181482315,2
196,0:16:20,watrai1,0.027967363595962524,3
196,0:16:20,ortbun1,0.01847023330628872,4
196,0:16:20,loeowl,0.017558282241225243,5
197,0:16:25,sonthr1,0.02874385379254818,1
197,0:16:25,tawowl1,0.022966651245951653,2
197,0:16:25,commoo3,0.019214073196053505,3
197,0:16:25,ortbun1,0.018915275111794472,4
197,0:16:25,eurrob1,0.017839454114437103,5
198,0:16:30,whtspa,0.04403870552778244,1
198,0:16:30,tawowl1,0.043711986392736435,2
198,0:16:30,brnowl,0.013290821574628353,3
198,0:16:30,sarwar1,0.011236323043704033,4
198,0:16:30,cosowl1,0.010049771517515182,5
199,0:16:35,tawowl1,0.03385935723781586,1
199,0:16:35,commoo3,0.027001913636922836,2
199,0:16:35,eueowl1,0.020088717341423035,3
199,0:16:35,brnowl,0.01859382353723049,4
199,0:16:35,loeowl,0.01787596195936203,5
200,0:16:40,tawowl1,0.06498775631189346,1
200,0:16:40,eueowl1,0.040623314678668976,2
200,0:16:40,loeowl,0.03234107792377472,3
200,0:16:40,brnowl,0.0300547257065773,4
200,0:16:40,commoo3,0.028899598866701126,5
201,0:16:45,commoo3,0.24215422570705414,1
201,0:16:45,eurcoo,0.12501907348632812,2
201,0:16:45,watrai1,0.07395264506340027,3
201,0:16:45,eueowl1,0.026494866237044334,4
201,0:16:45,tawowl1,0.01909445784986019,5
202,0:16:50,litowl1,0.03477747365832329,1
202,0:16:50,tawowl1,0.027082012966275215,2
202,0:16:50,whrswi1,0.02331218123435974,3
202,0:16:50,brnowl,0.01872936077415943,4
202,0:16:50,ortbun1,0.017864549532532692,5
203,0:16:55,tawowl1,0.0483718179166317,1
203,0:16:55,eueowl1,0.04747575521469116,2
203,0:16:55,eurnig1,0.03023483045399189,3
203,0:16:55,loeowl,0.027951601892709732,4
203,0:16:55,watrai1,0.02670959010720253,5
204,0:17:00,tawowl1,0.044030457735061646,1
204,0:17:00,loeowl,0.0303490087389946,2
204,0:17:00,eueowl1,0.026017189025878906,3
204,0:17:00,ortbun1,0.019791044294834137,4
204,0:17:00,brnowl,0.017401620745658875,5
205,0:17:05,loeowl,0.7334323525428772,1
205,0:17:05,tawowl1,0.02201610989868641,2
205,0:17:05,buggna,0.012703404761850834,3
205,0:17:05,brnowl,0.00606608996167779,4
205,0:17:05,slathr3,0.0044312928803265095,5
206,0:17:10,tawowl1,0.029986949637532234,1
206,0:17:10,loeowl,0.02154643088579178,2
206,0:17:10,ortbun1,0.014151875860989094,3
206,0:17:10,brnowl,0.01223476231098175,4
206,0:17:10,whtspa,0.011299129575490952,5
207,0:17:15,tawowl1,0.02274184674024582,1
207,0:17:15,commoo3,0.021928125992417336,2
207,0:17:15,eurcoo,0.018948236480355263,3
207,0:17:15,loeowl,0.018320731818675995,4
207,0:17:15,eueowl1,0.015062366612255573,5
208,0:17:20,comrav,0.19659112393856049,1
208,0:17:20,brnowl,0.07952847331762314,2
208,0:17:20,litowl1,0.033652715384960175,3
208,0:17:20,tawowl1,0.025700001046061516,4
208,0:17:20,eueowl1,0.02462291531264782,5
209,0:17:25,tawowl1,0.030742350965738297,1
209,0:17:25,eueowl1,0.02239086851477623,2
209,0:17:25,ortbun1,0.018841736018657684,3
209,0:17:25,brnowl,0.01723228394985199,4
209,0:17:25,sarwar1,0.016728049144148827,5
210,0:17:30,litowl1,0.2278803437948227,1
210,0:17:30,brnowl,0.14537519216537476,2
210,0:17:30,tawowl1,0.04860607907176018,3
210,0:17:30,eueowl1,0.021302809938788414,4
210,0:17:30,brdowl,0.014704590663313866,5
211,0:17:35,whrswi1,0.048100072890520096,1
211,0:17:35,tawowl1,0.022784404456615448,2
211,0:17:35,eurrob1,0.01907084509730339,3
211,0:17:35,buwwar,0.014634553343057632,4
211,0:17:35,redwin,0.012700512073934078,5
212,0:17:40,brnowl,0.28297507762908936,1
212,0:17:40,tawowl1,0.04389034956693649,2
212,0:17:40,eueowl1,0.02897987887263298,3
212,0:17:40,loeowl,0.02840096689760685,4
212,0:17:40,litowl1,0.013159493915736675,5
213,0:17:45,commoo3,0.07842350006103516,1
213,0:17:45,eurcoo,0.04570714011788368,2
213,0:17:45,watrai1,0.03201604634523392,3
213,0:17:45,eurwig,0.030761538073420525,4
213,0:17:45,eueowl1,0.02835788205265999,5
214,0:17:50,commoo3,0.06980910897254944,1
214,0:17:50,brnowl,0.05771873518824577,2
214,0:17:50,tawowl1,0.049316924065351486,3
214,0:17:50,watrai1,0.030394546687602997,4
214,0:17:50,norlap,0.026719529181718826,5
215,0:17:55,brnowl,0.08078436553478241,1
215,0:17:55,tawowl1,0.07896573841571808,2
215,0:17:55,litowl1,0.054328035563230515,3
215,0:17:55,commoo3,0.023784905672073364,4
215,0:17:55,eueowl1,0.023299003019928932,5
216,0:18:00,commoo3,0.08123190701007843,1
216,0:18:00,eurcoo,0.05758797377347946,2
216,0:18:00,loeowl,0.052129752933979034,3
216,0:18:00,watrai1,0.05183814838528633,4
216,0:18:00,tawowl1,0.04937991499900818,5
217,0:18:05,comqua1,0.0560479462146759,1
217,0:18:05,comcra,0.04900361970067024,2
217,0:18:05,tawowl1,0.043941352516412735,3
217,0:18:05,rinphe,0.041616108268499374,4
217,0:18:05,eueowl1,0.02889953926205635,5
218,0:18:10,tawowl1,0.03602961078286171,1
218,0:18:10,eueowl1,0.023894332349300385,2
218,0:18:10,winwre4,0.021665634587407112,3
218,0:18:10,loeowl,0.019822949543595314,4
218,0:18:10,watrai1,0.019015345722436905,5
219,0:18:15,eurrob1,0.06866911053657532,1
219,0:18:15,winwre4,0.040480758994817734,2
219,0:18:15,blutit,0.02728337235748768,3
219,0:18:15,sonthr1,0.024818161502480507,4
219,0:18:15,tawowl1,0.022572558373212814,5
220,0:18:20,tawowl1,0.05401996895670891,1
220,0:18:20,brnowl,0.04057358577847481,2
220,0:18:20,eueowl1,0.03755668178200722,3
220,0:18:20,watrai1,0.02610446885228157,4
220,0:18:20,litowl1,0.021619709208607674,5
221,0:18:25,watrai1,0.050293564796447754,1
221,0:18:25,eueowl1,0.04675284028053284,2
221,0:18:25,loeowl,0.04067034274339676,3
221,0:18:25,eurcoo,0.039033714681863785,4
221,0:18:25,tawowl1,0.03316190466284752,5
222,0:18:30,tawowl1,0.061906419694423676,1
222,0:18:30,loeowl,0.03957587853074074,2
222,0:18:30,commoo3,0.032328877598047256,3
222,0:18:30,brnowl,0.029646672308444977,4
222,0:18:30,eueowl1,0.027089763432741165,5
223,0:18:35,loeowl,0.0736967995762825,1
223,0:18:35,tawowl1,0.058680519461631775,2
223,0:18:35,eurcoo,0.0571705587208271,3
223,0:18:35,eueowl1,0.05308743566274643,4
223,0:18:35,watrai1,0.04104016348719597,5
224,0:18:40,brnowl,0.0768265351653099,1
224,0:18:40,tawowl1,0.07114109396934509,2
224,0:18:40,loeowl,0.04590505734086037,3
224,0:18:40,eueowl1,0.0434534028172493,4
224,0:18:40,eurnig1,0.028905455023050308,5
225,0:18:45,brnowl,0.06578721851110458,1
225,0:18:45,tawowl1,0.036115292459726334,2
225,0:18:45,litowl1,0.03571478649973869,3
225,0:18:45,eueowl1,0.03288394957780838,4
225,0:18:45,grhowl,0.028818583115935326,5
226,0:18:50,eurtre1,0.05756935849785805,1
226,0:18:50,comrav,0.0494004525244236,2
226,0:18:50,eurrob1,0.042059335857629776,3
226,0:18:50,spofly1,0.03756445273756981,4
226,0:18:50,shttre1,0.03487279638648033,5
227,0:18:55,tawowl1,0.0913684144616127,1
227,0:18:55,eueowl1,0.05338422209024429,2
227,0:18:55,eurcoo,0.04541221633553505,3
227,0:18:55,loeowl,0.044849418103694916,4
227,0:18:55,commoo3,0.0425586998462677,5
228,0:19:00,tawowl1,0.09793738275766373,1
228,0:19:00,eurcoo,0.06512048840522766,2
228,0:19:00,commoo3,0.055693306028842926,3
228,0:19:00,eueowl1,0.054046742618083954,4
228,0:19:00,watrai1,0.0352804958820343,5
229,0:19:05,tawowl1,0.10124995559453964,1
229,0:19:05,eurcoo,0.052349064499139786,2
229,0:19:05,eueowl1,0.05136967450380325,3
229,0:19:05,commoo3,0.04538973048329353,4
229,0:19:05,loeowl,0.04228978976607323,5
230,0:19:10,tawowl1,0.11452244967222214,1
230,0:19:10,brnowl,0.08474256843328476,2
230,0:19:10,eueowl1,0.04917318373918533,3
230,0:19:10,litowl1,0.02565174177289009,4
230,0:19:10,eurcoo,0.023582952097058296,5
231,0:19:15,tawowl1,0.06027286872267723,1
231,0:19:15,eurrob1,0.03923521190881729,2
231,0:19:15,sonthr1,0.03542950004339218,3
231,0:19:15,watrai1,0.028836460784077644,4
231,0:19:15,loeowl,0.028124919161200523,5
232,0:19:20,tawowl1,0.07606355845928192,1
232,0:19:20,loeowl,0.04890485480427742,2
232,0:19:20,eueowl1,0.04601868614554405,3
232,0:19:20,eurcoo,0.04464574530720711,4
232,0:19:20,commoo3,0.043433863669633865,5
233,0:19:25,tawowl1,0.06058284640312195,1
233,0:19:25,eurcoo,0.057785775512456894,2
233,0:19:25,watrai1,0.0528220608830452,3
233,0:19:25,commoo3,0.049890510737895966,4
233,0:19:25,loeowl,0.03695191442966461,5
234,0:19:30,tawowl1,0.0848773792386055,1
234,0:19:30,commoo3,0.06981977075338364,2
234,0:19:30,loeowl,0.060822684317827225,3
234,0:19:30,eueowl1,0.0430823415517807,4
234,0:19:30,eurnig1,0.04197997972369194,5
235,0:19:35,tawowl1,0.05565201863646507,1
235,0:19:35,commoo3,0.05063917860388756,2
235,0:19:35,eueowl1,0.04011261835694313,3
235,0:19:35,eurnig1,0.03791685774922371,4
235,0:19:35,eurcoo,0.035164110362529755,5
236,0:19:40,tawowl1,0.10894778370857239,1
236,0:19:40,commoo3,0.04782537370920181,2
236,0:19:40,eueowl1,0.042443618178367615,3
236,0:19:40,loeowl,0.03700941056013107,4
236,0:19:40,watrai1,0.035048115998506546,5
237,0:19:45,watrai1,0.05873444676399231,1
237,0:19:45,loeowl,0.043573588132858276,2
237,0:19:45,comqua1,0.041492875665426254,3
237,0:19:45,tawowl1,0.040779516100883484,4
237,0:19:45,eurcoo,0.034245576709508896,5
238,0:19:50,eueowl1,0.05735182762145996,1
238,0:19:50,loeowl,0.05324087664484978,2
238,0:19:50,tawowl1,0.05164632573723793,3
238,0:19:50,eurcoo,0.041406434029340744,4
238,0:19:50,watrai1,0.03505649417638779,5
239,0:19:55,tawowl1,0.06819293648004532,1
239,0:19:55,eueowl1,0.04365180432796478,2
239,0:19:55,loeowl,0.03243697062134743,3
239,0:19:55,watrai1,0.02601541019976139,4
239,0:19:55,commoo3,0.021493077278137207,5
240,0:20:00,commoo3,0.16599684953689575,1
240,0:20:00,comqua1,0.04754709079861641,2
240,0:20:00,bargol,0.04301658272743225,3
240,0:20:00,tufduc,0.03203044831752777,4
240,0:20:00,wilpta,0.023234883323311806,5
241,0:20:05,eueowl1,0.045931827276945114,1
241,0:20:05,loeowl,0.03924891725182533,2
241,0:20:05,tawowl1,0.034106846898794174,3
241,0:20:05,spofly1,0.030525967478752136,4
241,0:20:05,litowl1,0.025620047003030777,5
242,0:20:10,tawowl1,0.06648144125938416,1
242,0:20:10,loeowl,0.048638153821229935,2
242,0:20:10,blawoo1,0.04505982622504234,3
242,0:20:10,commoo3,0.04008914902806282,4
242,0:20:10,brnowl,0.02498231828212738,5
243,0:20:15,eurjay1,0.33632442355155945,1
243,0:20:15,loeowl,0.16631387174129486,2
243,0:20:15,tawowl1,0.04416945204138756,3
243,0:20:15,brnowl,0.04100971296429634,4
243,0:20:15,eueowl1,0.03105016052722931,5
244,0:20:20,loeowl,0.1735052615404129,1
244,0:20:20,tawowl1,0.06266740709543228,2
244,0:20:20,eurnig1,0.046411171555519104,3
244,0:20:20,eueowl1,0.042819179594516754,4
244,0:20:20,commoo3,0.039563313126564026,5
245,0:20:25,loeowl,0.14728781580924988,1
245,0:20:25,tawowl1,0.07081799954175949,2
245,0:20:25,eueowl1,0.052886657416820526,3
245,0:20:25,uraowl1,0.04647750034928322,4
245,0:20:25,commoo3,0.04432128369808197,5
246,0:20:30,eueowl1,0.07425881177186966,1
246,0:20:30,loeowl,0.07371816039085388,2
246,0:20:30,tawowl1,0.06610541045665741,3
246,0:20:30,grhowl,0.044903464615345,4
246,0:20:30,brnowl,0.038774777203798294,5
247,0:20:35,loeowl,0.0505145899951458,1
247,0:20:35,tawowl1,0.047572627663612366,2
247,0:20:35,eueowl1,0.0302075557410717,3
247,0:20:35,watrai1,0.02795090340077877,4
247,0:20:35,commoo3,0.023367594927549362,5
248,0:20:40,tawowl1,0.04418089985847473,1
248,0:20:40,eurcoo,0.03890315443277359,2
248,0:20:40,watrai1,0.038162242621183395,3
248,0:20:40,loeowl,0.022850677371025085,4
248,0:20:40,eueowl1,0.020639939233660698,5
249,0:20:45,tawowl1,0.09773685783147812,1
249,0:20:45,eueowl1,0.04307803139090538,2
249,0:20:45,loeowl,0.0398845374584198,3
249,0:20:45,watrai1,0.03933297097682953,4
249,0:20:45,eurcoo,0.03926210477948189,5
250,0:20:50,tawowl1,0.07481535524129868,1
250,0:20:50,loeowl,0.06213437765836716,2
250,0:20:50,eueowl1,0.0543234758079052,3
250,0:20:50,watrai1,0.053910136222839355,4
250,0:20:50,commoo3,0.04534303769469261,5
251,0:20:55,tawowl1,0.06098417937755585,1
251,0:20:55,commoo3,0.04791007563471794,2
251,0:20:55,eueowl1,0.03696117550134659,3
251,0:20:55,watrai1,0.028191793709993362,4
251,0:20:55,brnowl,0.027726788073778152,5
252,0:21:00,eueowl1,0.08090594410896301,1
252,0:21:00,commoo3,0.06191342696547508,2
252,0:21:00,loeowl,0.05666913092136383,3
252,0:21:00,tawowl1,0.03890615701675415,4
252,0:21:00,brnowl,0.03670600801706314,5
253,0:21:05,loeowl,0.06741190701723099,1
253,0:21:05,tawowl1,0.04272909834980965,2
253,0:21:05,eueowl1,0.028729164972901344,3
253,0:21:05,commoo3,0.026676593348383904,4
253,0:21:05,brdowl,0.025914272293448448,5
254,0:21:10,tawowl1,0.0366068035364151,1
254,0:21:10,commoo3,0.03118058294057846,2
254,0:21:10,ortbun1,0.026156987994909286,3
254,0:21:10,watrai1,0.02600168064236641,4
254,0:21:10,brnowl,0.02571878768503666,5
255,0:21:15,tawowl1,0.03778722137212753,1
255,0:21:15,eueowl1,0.0377047061920166,2
255,0:21:15,eurnig1,0.030053546652197838,3
255,0:21:15,brnowl,0.02756623364984989,4
255,0:21:15,watrai1,0.0230965968221426,5
256,0:21:20,tawowl1,0.05942980945110321,1
256,0:21:20,eurnig1,0.046168677508831024,2
256,0:21:20,loeowl,0.036296505481004715,3
256,0:21:20,eueowl1,0.035841889679431915,4
256,0:21:20,brnowl,0.030774511396884918,5
257,0:21:25,commoo3,0.062090951949357986,1
257,0:21:25,tawowl1,0.05316948890686035,2
257,0:21:25,eueowl1,0.05102056264877319,3
257,0:21:25,loeowl,0.04184197634458542,4
257,0:21:25,watrai1,0.04161548614501953,5
258,0:21:30,tawowl1,0.029575198888778687,1
258,0:21:30,winwre4,0.027682771906256676,2
258,0:21:30,eurrob1,0.026641247794032097,3
258,0:21:30,brncre,0.024827707558870316,4
258,0:21:30,whtspa,0.021499544382095337,5
259,0:21:35,tawowl1,0.06704917550086975,1
259,0:21:35,brnowl,0.05349382385611534,2
259,0:21:35,eurnig1,0.04849695414304733,3
259,0:21:35,loeowl,0.04129292815923691,4
259,0:21:35,eueowl1,0.0363423191010952,5
260,0:21:40,tawowl1,0.08321157097816467,1
260,0:21:40,commoo3,0.050422392785549164,2
260,0:21:40,eueowl1,0.04675121232867241,3
260,0:21:40,loeowl,0.04294906556606293,4
260,0:21:40,eurnig1,0.035137902945280075,5
261,0:21:45,brnowl,0.7299312353134155,1
261,0:21:45,tawowl1,0.021328222006559372,2
261,0:21:45,litowl1,0.018715539947152138,3
261,0:21:45,bkskit1,0.01493118703365326,4
261,0:21:45,eueowl1,0.01325232069939375,5
262,0:21:50,tawowl1,0.0540095753967762,1
262,0:21:50,brnowl,0.032676439732313156,2
262,0:21:50,eueowl1,0.026096440851688385,3
262,0:21:50,commoo3,0.025929460301995277,4
262,0:21:50,loeowl,0.016382113099098206,5
263,0:21:55,tawowl1,0.09905596822500229,1
263,0:21:55,commoo3,0.09181177616119385,2
263,0:21:55,eurcoo,0.06184520944952965,3
263,0:21:55,eueowl1,0.056748420000076294,4
263,0:21:55,loeowl,0.044902656227350235,5
264,0:22:00,brnowl,0.12779779732227325,1
264,0:22:00,tawowl1,0.08628229051828384,2
264,0:22:00,eueowl1,0.037168264389038086,3
264,0:22:00,eurnig1,0.03463264927268028,4
264,0:22:00,litowl1,0.03236952796578407,5
265,0:22:05,watrai1,0.07211948931217194,1
265,0:22:05,eueowl1,0.06585746258497238,2
265,0:22:05,commoo3,0.0559491291642189,3
265,0:22:05,tawowl1,0.05283314362168312,4
265,0:22:05,eurcoo,0.0520377941429615,5
266,0:22:10,tawowl1,0.06407592445611954,1
266,0:22:10,eueowl1,0.05766475945711136,2
266,0:22:10,loeowl,0.047098953276872635,3
266,0:22:10,commoo3,0.044865939766168594,4
266,0:22:10,brnowl,0.03732232376933098,5
267,0:22:15,tawowl1,0.053999800235033035,1
267,0:22:15,grebit1,0.038936108350753784,2
267,0:22:15,watrai1,0.03775192052125931,3
267,0:22:15,eueowl1,0.02922287955880165,4
267,0:22:15,comqua1,0.028448915109038353,5
268,0:22:20,litowl1,0.027321048080921173,1
268,0:22:20,whrswi1,0.021954648196697235,2
268,0:22:20,brnowl,0.016264695674180984,3
268,0:22:20,loeowl,0.01572658307850361,4
268,0:22:20,wesowl1,0.013664735481142998,5
269,0:22:25,tawowl1,0.035009752959012985,1
269,0:22:25,eueowl1,0.02330947108566761,2
269,0:22:25,ortbun1,0.0188771802932024,3
269,0:22:25,shttre1,0.014763434417545795,4
269,0:22:25,eurbla,0.013976912945508957,5
270,0:22:30,eueowl1,0.029290810227394104,1
270,0:22:30,tawowl1,0.028188999742269516,2
270,0:22:30,watrai1,0.026123730465769768,3
270,0:22:30,comrav,0.014681096188724041,4
270,0:22:30,loeowl,0.01290917955338955,5
271,0:22:35,tawowl1,0.04676533862948418,1
271,0:22:35,commoo3,0.041074227541685104,2
271,0:22:35,eueowl1,0.03719785809516907,3
271,0:22:35,watrai1,0.03660028800368309,4
271,0:22:35,comqua1,0.03481396287679672,5
272,0:22:40,eueowl1,0.07434817403554916,1
272,0:22:40,tawowl1,0.0640726238489151,2
272,0:22:40,loeowl,0.039394766092300415,3
272,0:22:40,watrai1,0.03637901693582535,4
272,0:22:40,eurcoo,0.024631934240460396,5
273,0:22:45,eueowl1,0.06499974429607391,1
273,0:22:45,tawowl1,0.06495912373065948,2
273,0:22:45,loeowl,0.060345109552145004,3
273,0:22:45,commoo3,0.04485175013542175,4
273,0:22:45,watrai1,0.02410029247403145,5
274,0:22:50,eurrob1,0.05133427679538727,1
274,0:22:50,tawowl1,0.03375032916665077,2
274,0:22:50,coatit2,0.02647647261619568,3
274,0:22:50,loeowl,0.022021999582648277,4
274,0:22:50,hawfin,0.02186368592083454,5
275,0:22:55,tawowl1,0.08837036043405533,1
275,0:22:55,brnowl,0.06351598352193832,2
275,0:22:55,eueowl1,0.052448712289333344,3
275,0:22:55,loeowl,0.03883233666419983,4
275,0:22:55,commoo3,0.03479968011379242,5
276,0:23:00,tawowl1,0.05550043284893036,1
276,0:23:00,loeowl,0.05396111309528351,2
276,0:23:00,eurnig1,0.04387754201889038,3
276,0:23:00,eueowl1,0.04358457401394844,4
276,0:23:00,commoo3,0.03958093002438545,5
277,0:23:05,tawowl1,0.08210005611181259,1
277,0:23:05,loeowl,0.0512550063431263,2
277,0:23:05,commoo3,0.04656294360756874,3
277,0:23:05,eueowl1,0.043056920170784,4
277,0:23:05,eurcoo,0.038723379373550415,5
278,0:23:10,loeowl,0.058981724083423615,1
278,0:23:10,commoo3,0.05386722832918167,2
278,0:23:10,tawowl1,0.0461898073554039,3
278,0:23:10,eueowl1,0.04128871485590935,4
278,0:23:10,eurnig1,0.03911038860678673,5
279,0:23:15,manshe,0.11182508617639542,1
279,0:23:15,commoo3,0.059451874345541,2
279,0:23:15,tawowl1,0.0398615263402462,3
279,0:23:15,loeowl,0.03965320065617561,4
279,0:23:15,eueowl1,0.03865423426032066,5
280,0:23:20,brnowl,0.0860963836312294,1
280,0:23:20,litowl1,0.07536903023719788,2
280,0:23:20,tawowl1,0.06109615042805672,3
280,0:23:20,loeowl,0.031418703496456146,4
280,0:23:20,eueowl1,0.024014707654714584,5
281,0:23:25,brnowl,0.46346279978752136,1
281,0:23:25,tawowl1,0.037058230489492416,2
281,0:23:25,loeowl,0.0327669158577919,3
281,0:23:25,eueowl1,0.027379442006349564,4
281,0:23:25,ortbun1,0.017837291583418846,5
282,0:23:30,eueowl1,0.18202222883701324,1
282,0:23:30,loeowl,0.13408899307250977,2
282,0:23:30,tawowl1,0.04867013543844223,3
282,0:23:30,eurnig1,0.03975104168057442,4
282,0:23:30,commoo3,0.03317951783537865,5
283,0:23:35,eurrob1,0.05895758792757988,1
283,0:23:35,goldcr1,0.04429064691066742,2
283,0:23:35,eurtre1,0.043600574135780334,3
283,0:23:35,comrav,0.03197244927287102,4
283,0:23:35,shttre1,0.028124762699007988,5
284,0:23:40,tawowl1,0.06711624562740326,1
284,0:23:40,eueowl1,0.04754894599318504,2
284,0:23:40,loeowl,0.031830351799726486,3
284,0:23:40,watrai1,0.026458853855729103,4
284,0:23:40,commoo3,0.022904908284544945,5
285,0:23:45,litowl1,0.1972057819366455,1
285,0:23:45,brnowl,0.14911243319511414,2
285,0:23:45,tawowl1,0.06591443717479706,3
285,0:23:45,eueowl1,0.020704440772533417,4
285,0:23:45,comrav,0.01715102605521679,5
286,0:23:50,tawowl1,0.06795632094144821,1
286,0:23:50,rocpig,0.055473193526268005,2
286,0:23:50,loeowl,0.05272093042731285,3
286,0:23:50,eueowl1,0.04671282321214676,4
286,0:23:50,blagro1,0.04034103453159332,5
287,0:23:55,grebit1,0.08920548111200333,1
287,0:23:55,tawowl1,0.06135286018252373,2
287,0:23:55,eueowl1,0.036212578415870667,3
287,0:23:55,watrai1,0.031204313039779663,4
287,0:23:55,comqua1,0.029637930914759636,5
288,0:24:00,tawowl1,0.09596924483776093,1
288,0:24:00,eueowl1,0.07218902558088303,2
288,0:24:00,brnowl,0.06285814940929413,3
288,0:24:00,loeowl,0.03997291624546051,4
288,0:24:00,grebit1,0.031199967488646507,5
289,0:24:05,brnowl,0.1300322711467743,1
289,0:24:05,tawowl1,0.062448784708976746,2
289,0:24:05,eueowl1,0.04555943235754967,3
289,0:24:05,litowl1,0.04029303044080734,4
289,0:24:05,loeowl,0.022699402645230293,5
290,0:24:10,watrai1,0.02811424806714058,1
290,0:24:10,tawowl1,0.02163580060005188,2
290,0:24:10,ortbun1,0.019041333347558975,3
290,0:24:10,eurrob1,0.01783704198896885,4
290,0:24:10,comqua1,0.01752006821334362,5
291,0:24:15,tawowl1,0.03558501601219177,1
291,0:24:15,whrswi1,0.016987580806016922,2
291,0:24:15,comchi1,0.014958205632865429,3
291,0:24:15,eueowl1,0.01308492012321949,4
291,0:24:15,brnowl,0.012747346423566341,5
292,0:24:20,eueowl1,0.09918253123760223,1
292,0:24:20,loeowl,0.07010716199874878,2
292,0:24:20,tawowl1,0.03916293382644653,3
292,0:24:20,grhowl,0.033060912042856216,4
292,0:24:20,flaowl,0.017492495477199554,5
293,0:24:25,tawowl1,0.05382616072893143,1
293,0:24:25,litowl1,0.046609144657850266,2
293,0:24:25,eueowl1,0.026566151529550552,3
293,0:24:25,loeowl,0.020391495898365974,4
293,0:24:25,brnowl,0.020175384357571602,5
294,0:24:30,tawowl1,0.039154354482889175,1
294,0:24:30,loeowl,0.02447030507028103,2
294,0:24:30,watrai1,0.022143064066767693,3
294,0:24:30,brnowl,0.02146844193339348,4
294,0:24:30,eurrob1,0.019884957000613213,5
295,0:24:35,waldra1,0.02206052839756012,1
295,0:24:35,loeowl,0.016772540286183357,2
295,0:24:35,commoo3,0.014290587045252323,3
295,0:24:35,tawowl1,0.013147923164069653,4
295,0:24:35,brnowl,0.012965524569153786,5
296,0:24:40,loeowl,0.10323412716388702,1
296,0:24:40,tawowl1,0.06208391115069389,2
296,0:24:40,brnowl,0.0469716414809227,3
296,0:24:40,litowl1,0.03519061207771301,4
296,0:24:40,rocpig,0.020351948216557503,5
297,0:24:45,commoo3,0.07551924884319305,1
297,0:24:45,tawowl1,0.019727902486920357,2
297,0:24:45,watrai1,0.018696635961532593,3
297,0:24:45,grebit1,0.01817317306995392,4
297,0:24:45,eurcoo,0.017007313668727875,5
298,0:24:50,tawowl1,0.04854010045528412,1
298,0:24:50,eueowl1,0.0448986254632473,2
298,0:24:50,commoo3,0.033686067909002304,3
298,0:24:50,loeowl,0.029558368027210236,4
298,0:24:50,brnowl,0.023504653945565224,5
299,0:24:55,tawowl1,0.062272604554891586,1
299,0:24:55,commoo3,0.05049138143658638,2
299,0:24:55,eurcoo,0.04312103986740112,3
299,0:24:55,eueowl1,0.03765869140625,4
299,0:24:55,loeowl,0.03726774454116821,5
300,0:25:00,tawowl1,0.08145342767238617,1
300,0:25:00,eueowl1,0.05369173735380173,2
300,0:25:00,commoo3,0.05290251597762108,3
300,0:25:00,eurcoo,0.04204530268907547,4
300,0:25:00,loeowl,0.039733342826366425,5
301,0:25:05,brnowl,0.14059294760227203,1
301,0:25:05,tawowl1,0.05930051952600479,2
301,0:25:05,grhowl,0.03232857584953308,3
301,0:25:05,blksco1,0.03141436353325844,4
301,0:25:05,commoo3,0.03065032698214054,5
302,0:25:10,eueowl1,0.06154797598719597,1
302,0:25:10,tawowl1,0.05678733065724373,2
302,0:25:10,commoo3,0.05454004183411598,3
302,0:25:10,eurnig1,0.030755138024687767,4
302,0:25:10,loeowl,0.028754036873579025,5
303,0:25:15,grebit1,0.06154979020357132,1
303,0:25:15,watrai1,0.04881932586431503,2
303,0:25:15,tawowl1,0.03460129350423813,3
303,0:25:15,eueowl1,0.029858503490686417,4
303,0:25:15,loeowl,0.025094345211982727,5
304,0:25:20,eueowl1,0.07671370357275009,1
304,0:25:20,tawowl1,0.06398393958806992,2
304,0:25:20,loeowl,0.043614670634269714,3
304,0:25:20,watrai1,0.03623749688267708,4
304,0:25:20,eurcoo,0.0346745029091835,5
305,0:25:25,loeowl,0.04534844681620598,1
305,0:25:25,eurcoo,0.04270399734377861,2
305,0:25:25,commoo3,0.04182616248726845,3
305,0:25:25,tawowl1,0.038118042051792145,4
305,0:25:25,watrai1,0.027183080092072487,5
306,0:25:30,brnowl,0.2680000066757202,1
306,0:25:30,tawowl1,0.036897316575050354,2
306,0:25:30,loeowl,0.03298960253596306,3
306,0:25:30,brambl,0.020886048674583435,4
306,0:25:30,litowl1,0.019830113276839256,5
307,0:25:35,tawowl1,0.07772498577833176,1
307,0:25:35,commoo3,0.059973422437906265,2
307,0:25:35,eurcoo,0.04846077412366867,3
307,0:25:35,eueowl1,0.04296981915831566,4
307,0:25:35,loeowl,0.039642613381147385,5
308,0:25:40,tawowl1,0.06644119322299957,1
308,0:25:40,eurrob1,0.066099151968956,2
308,0:25:40,lottit1,0.043822918087244034,3
308,0:25:40,sonthr1,0.03992080315947533,4
308,0:25:40,hawfin,0.03916380554437637,5
309,0:25:45,brnowl,0.38516148924827576,1
309,0:25:45,eueowl1,0.03954321891069412,2
309,0:25:45,loeowl,0.029840895906090736,3
309,0:25:45,tawowl1,0.027640370652079582,4
309,0:25:45,litowl1,0.01584412157535553,5
310,0:25:50,eurnig1,0.07001765817403793,1
310,0:25:50,eurcoo,0.06549562513828278,2
310,0:25:50,commoo3,0.05996387079358101,3
310,0:25:50,tawowl1,0.05377108231186867,4
310,0:25:50,eueowl1,0.03703746572136879,5
311,0:25:55,eurcoo,0.08247391879558563,1
311,0:25:55,commoo3,0.06405898183584213,2
311,0:25:55,tawowl1,0.05306868627667427,3
311,0:25:55,watrai1,0.04055177792906761,4
311,0:25:55,eurnig1,0.03780094534158707,5
312,0:26:00,commoo3,0.07904953509569168,1
312,0:26:00,eurcoo,0.06048775836825371,2
312,0:26:00,tawowl1,0.05363931506872177,3
312,0:26:00,eueowl1,0.04803140088915825,4
312,0:26:00,watrai1,0.04497263953089714,5
313,0:26:05,commoo3,0.06868505477905273,1
313,0:26:05,eueowl1,0.06005067378282547,2
313,0:26:05,tawowl1,0.046058036386966705,3
313,0:26:05,eurcoo,0.04504171013832092,4
313,0:26:05,eurnig1,0.03731689602136612,5
314,0:26:10,tawowl1,0.0731799304485321,1
314,0:26:10,commoo3,0.0592709556221962,2
314,0:26:10,eurcoo,0.041815973818302155,3
314,0:26:10,eueowl1,0.04078489914536476,4
314,0:26:10,loeowl,0.036478810012340546,5
315,0:26:15,brnowl,0.5687134265899658,1
315,0:26:15,loeowl,0.05634006857872009,2
315,0:26:15,eueowl1,0.026072539389133453,3
315,0:26:15,tawowl1,0.021778428927063942,4
315,0:26:15,grhowl,0.016586141660809517,5
316,0:26:20,tawowl1,0.22080151736736298,1
316,0:26:20,loeowl,0.05799227952957153,2
316,0:26:20,brnowl,0.04660030081868172,3
316,0:26:20,eurcoo,0.0454813651740551,4
316,0:26:20,eueowl1,0.04310428723692894,5
317,0:26:25,tawowl1,0.07022999972105026,1
317,0:26:25,eurcoo,0.05541912838816643,2
317,0:26:25,watrai1,0.05497559905052185,3
317,0:26:25,commoo3,0.048578549176454544,4
317,0:26:25,eueowl1,0.04725547507405281,5
318,0:26:30,tawowl1,0.14946089684963226,1
318,0:26:30,eurcoo,0.06397764384746552,2
318,0:26:30,loeowl,0.06230878457427025,3
318,0:26:30,eueowl1,0.04782776162028313,4
318,0:26:30,commoo3,0.04582945629954338,5
319,0:26:35,tawowl1,0.12939949333667755,1
319,0:26:35,eurcoo,0.06140509620308876,2
319,0:26:35,commoo3,0.05872741714119911,3
319,0:26:35,watrai1,0.043122194707393646,4
319,0:26:35,loeowl,0.03917769715189934,5
320,0:26:40,eurcoo,0.07350465655326843,1
320,0:26:40,commoo3,0.06981160491704941,2
320,0:26:40,tawowl1,0.062169112265110016,3
320,0:26:40,eurnig1,0.04863143712282181,4
320,0:26:40,loeowl,0.040654201060533524,5
321,0:26:45,tawowl1,0.06589341163635254,1
321,0:26:45,commoo3,0.05667979270219803,2
321,0:26:45,eurcoo,0.043407339602708817,3
321,0:26:45,loeowl,0.043317798525094986,4
321,0:26:45,eueowl1,0.042697567492723465,5
322,0:26:50,tawowl1,0.058978669345378876,1
322,0:26:50,commoo3,0.04852748662233353,2
322,0:26:50,eurcoo,0.04740442335605621,3
322,0:26:50,eueowl1,0.046000394970178604,4
322,0:26:50,loeowl,0.04138357937335968,5
323,0:26:55,tawowl1,0.08877532184123993,1
323,0:26:55,commoo3,0.05543869361281395,2
323,0:26:55,loeowl,0.050855688750743866,3
323,0:26:55,eurcoo,0.049496687948703766,4
323,0:26:55,eueowl1,0.039657652378082275,5
324,0:27:00,tawowl1,0.06864241510629654,1
324,0:27:00,grebit1,0.05184207484126091,2
324,0:27:00,commoo3,0.051172271370887756,3
324,0:27:00,eurcoo,0.050880271941423416,4
324,0:27:00,eueowl1,0.045215070247650146,5
325,0:27:05,tawowl1,0.0895516499876976,1
325,0:27:05,eueowl1,0.07121674716472626,2
325,0:27:05,commoo3,0.0683618113398552,3
325,0:27:05,eurcoo,0.03527019917964935,4
325,0:27:05,brnowl,0.03198455274105072,5
326,0:27:10,grebit1,0.07671219855546951,1
326,0:27:10,eurcoo,0.06247961148619652,2
326,0:27:10,commoo3,0.06005731225013733,3
326,0:27:10,eueowl1,0.04141533374786377,4
326,0:27:10,graher1,0.038951173424720764,5
327,0:27:15,brnowl,0.20262445509433746,1
327,0:27:15,loeowl,0.0642271339893341,2
327,0:27:15,eueowl1,0.042651429772377014,3
327,0:27:15,tawowl1,0.031999826431274414,4
327,0:27:15,eurjay1,0.026413919404149055,5
328,0:27:20,tawowl1,0.08612842112779617,1
328,0:27:20,commoo3,0.05087565630674362,2
328,0:27:20,loeowl,0.0494183711707592,3
328,0:27:20,eueowl1,0.04513472691178322,4
328,0:27:20,eurnig1,0.038694772869348526,5
329,0:27:25,tawowl1,0.08277400583028793,1
329,0:27:25,eueowl1,0.047459911555051804,2
329,0:27:25,eurrob1,0.038393400609493256,3
329,0:27:25,loeowl,0.03433893620967865,4
329,0:27:25,eurcoo,0.0293735321611166,5
330,0:27:30,tawowl1,0.08365260809659958,1
330,0:27:30,loeowl,0.05533241853117943,2
330,0:27:30,commoo3,0.045939672738313675,3
330,0:27:30,eueowl1,0.043220870196819305,4
330,0:27:30,eurcoo,0.03539441153407097,5
331,0:27:35,brnowl,0.08197086304426193,1
331,0:27:35,tawowl1,0.0654921755194664,2
331,0:27:35,loeowl,0.05835866183042526,3
331,0:27:35,grhowl,0.05827675759792328,4
331,0:27:35,eurjay1,0.04118018224835396,5
332,0:27:40,brnowl,0.2095702588558197,1
332,0:27:40,tawowl1,0.06196180731058121,2
332,0:27:40,loeowl,0.05729115754365921,3
332,0:27:40,eueowl1,0.020702499896287918,4
332,0:27:40,litowl1,0.019035249948501587,5
333,0:27:45,commoo3,0.060244180262088776,1
333,0:27:45,watrai1,0.051981694996356964,2
333,0:27:45,eurcoo,0.05123397707939148,3
333,0:27:45,spocra1,0.043222684413194656,4
333,0:27:45,grebit1,0.04250689968466759,5
334,0:27:50,tawowl1,0.09660625457763672,1
334,0:27:50,eueowl1,0.0695749968290329,2
334,0:27:50,eurcoo,0.046896059066057205,3
334,0:27:50,commoo3,0.04490748047828674,4
334,0:27:50,comqua1,0.04029254987835884,5
335,0:27:55,tawowl1,0.06897487491369247,1
335,0:27:55,eueowl1,0.04179948568344116,2
335,0:27:55,grebit1,0.039377421140670776,3
335,0:27:55,watrai1,0.03217786177992821,4
335,0:27:55,eurcoo,0.03002249263226986,5
336,0:28:00,hawfin,0.09714709967374802,1
336,0:28:00,eurrob1,0.07607438415288925,2
336,0:28:00,tawowl1,0.07382295280694962,3
336,0:28:00,loeowl,0.03251663222908974,4
336,0:28:00,spofly1,0.02531598135828972,5
337,0:28:05,tawowl1,0.09239666908979416,1
337,0:28:05,eueowl1,0.03626428171992302,2
337,0:28:05,loeowl,0.03549312800168991,3
337,0:28:05,eurcoo,0.019474154338240623,4
337,0:28:05,watrai1,0.019347336143255234,5
338,0:28:10,brnowl,0.7785062193870544,1
338,0:28:10,litowl1,0.01620589941740036,2
338,0:28:10,tawowl1,0.015618539415299892,3
338,0:28:10,bkskit1,0.006387967150658369,4
338,0:28:10,eueowl1,0.005614390131086111,5
339,0:28:15,brnowl,0.05818066745996475,1
339,0:28:15,tawowl1,0.04662427678704262,2
339,0:28:15,eueowl1,0.042252443730831146,3
339,0:28:15,comrav,0.037018176168203354,4
339,0:28:15,loeowl,0.033572062849998474,5
340,0:28:20,tawowl1,0.07362749427556992,1
340,0:28:20,eueowl1,0.031672120094299316,2
340,0:28:20,manshe,0.029191480949521065,3
340,0:28:20,comrav,0.025330429896712303,4
340,0:28:20,commoo3,0.024223273620009422,5
341,0:28:25,eurcoo,0.08234109729528427,1
341,0:28:25,commoo3,0.06443053483963013,2
341,0:28:25,tawowl1,0.05936151370406151,3
341,0:28:25,eueowl1,0.04720025137066841,4
341,0:28:25,watrai1,0.04539324343204498,5
342,0:28:30,tawowl1,0.04986141622066498,1
342,0:28:30,eueowl1,0.04271963983774185,2
342,0:28:30,comqua1,0.040883179754018784,3
342,0:28:30,commoo3,0.040179718285799026,4
342,0:28:30,eurnig1,0.036753252148628235,5
343,0:28:35,grebit1,0.07807713001966476,1
343,0:28:35,eurcoo,0.06098947301506996,2
343,0:28:35,tawowl1,0.05985010042786598,3
343,0:28:35,comqua1,0.05394194275140762,4
343,0:28:35,commoo3,0.047188062220811844,5
344,0:28:40,tawowl1,0.08299936354160309,1
344,0:28:40,eueowl1,0.04832679033279419,2
344,0:28:40,loeowl,0.03287065029144287,3
344,0:28:40,watrai1,0.031184474006295204,4
344,0:28:40,eurcoo,0.0288779828697443,5
345,0:28:45,commoo3,0.03934907913208008,1
345,0:28:45,whimbr,0.032691840082407,2
345,0:28:45,brnowl,0.031705401837825775,3
345,0:28:45,rudtur,0.028055274859070778,4
345,0:28:45,comgre,0.027923451736569405,5
346,0:28:50,brnowl,0.15451404452323914,1
346,0:28:50,tawowl1,0.10003039985895157,2
346,0:28:50,litowl1,0.07940209656953812,3
346,0:28:50,eueowl1,0.0381217896938324,4
346,0:28:50,loeowl,0.01815469190478325,5
347,0:28:55,brnowl,0.15519721806049347,1
347,0:28:55,loeowl,0.1005718782544136,2
347,0:28:55,litowl1,0.10038968175649643,3
347,0:28:55,tawowl1,0.022636495530605316,4
347,0:28:55,trufin2,0.012704315595328808,5
348,0:29:00,tawowl1,0.06768554449081421,1
348,0:29:00,eueowl1,0.06035567820072174,2
348,0:29:00,commoo3,0.05274125188589096,3
348,0:29:00,brnowl,0.04768317937850952,4
348,0:29:00,eurcoo,0.03696838766336441,5
349,0:29:05,tawowl1,0.08082505315542221,1
349,0:29:05,eueowl1,0.057773295789957047,2
349,0:29:05,loeowl,0.053061988204717636,3
349,0:29:05,eurnig1,0.038019128143787384,4
349,0:29:05,grebit1,0.03711336478590965,5
350,0:29:10,tawowl1,0.06629078835248947,1
350,0:29:10,eueowl1,0.0479210764169693,2
350,0:29:10,loeowl,0.03869505599141121,3
350,0:29:10,commoo3,0.0328461192548275,4
350,0:29:10,watrai1,0.030790360644459724,5
351,0:29:15,eueowl1,0.07376603782176971,1
351,0:29:15,loeowl,0.06337998807430267,2
351,0:29:15,tawowl1,0.04365162178874016,3
351,0:29:15,grebit1,0.02672656439244747,4
351,0:29:15,watrai1,0.024451540783047676,5
352,0:29:20,watrai1,0.056608010083436966,1
352,0:29:20,loeowl,0.05640014261007309,2
352,0:29:20,brnowl,0.05587005987763405,3
352,0:29:20,eueowl1,0.05152783915400505,4
352,0:29:20,tawowl1,0.04827204346656799,5
353,0:29:25,brnowl,0.3535153567790985,1
353,0:29:25,eueowl1,0.06483983248472214,2
353,0:29:25,litowl1,0.05453379824757576,3
353,0:29:25,loeowl,0.048537179827690125,4
353,0:29:25,barowl28,0.023123059421777725,5
354,0:29:30,grebit1,0.08039774000644684,1
354,0:29:30,eueowl1,0.07269230484962463,2
354,0:29:30,tawowl1,0.06693253666162491,3
354,0:29:30,comcra,0.05751025304198265,4
354,0:29:30,loeowl,0.031948234885931015,5
355,0:29:35,tawowl1,0.02931082248687744,1
355,0:29:35,brnowl,0.028754504397511482,2
355,0:29:35,whrswi1,0.021723851561546326,3
355,0:29:35,grebit1,0.018888438120484352,4
355,0:29:35,eueowl1,0.01686769165098667,5
356,0:29:40,tawowl1,0.06565283238887787,1
356,0:29:40,eueowl1,0.05358458682894707,2
356,0:29:40,commoo3,0.0364367850124836,3
356,0:29:40,brnowl,0.036319151520729065,4
356,0:29:40,grhowl,0.0278194397687912,5
357,0:29:45,tawowl1,0.09767212718725204,1
357,0:29:45,commoo3,0.05191238597035408,2
357,0:29:45,eueowl1,0.04173344373703003,3
357,0:29:45,loeowl,0.041718658059835434,4
357,0:29:45,eurcoo,0.03283881023526192,5
358,0:29:50,commoo3,0.0594739131629467,1
358,0:29:50,tawowl1,0.05391019582748413,2
358,0:29:50,eurcoo,0.05112680420279503,3
358,0:29:50,eueowl1,0.04362769052386284,4
358,0:29:50,eurnig1,0.035900965332984924,5
359,0:29:55,eueowl1,0.05605576932430267,1
359,0:29:55,tawowl1,0.04464676231145859,2
359,0:29:55,commoo3,0.0395318977534771,3
359,0:29:55,watrai1,0.031110117211937904,4
359,0:29:55,ortbun1,0.026694240048527718,5
360,0:30:00,tawowl1,0.06696059554815292,1
360,0:30:00,eueowl1,0.05232074111700058,2
360,0:30:00,commoo3,0.045345455408096313,3
360,0:30:00,eurcoo,0.03757820278406143,4
360,0:30:00,loeowl,0.0363888256251812,5
361,0:30:05,commoo3,0.047638408839702606,1
361,0:30:05,eueowl1,0.03885897248983383,2
361,0:30:05,eurcoo,0.03304670751094818,3
361,0:30:05,watrai1,0.032917723059654236,4
361,0:30:05,comqua1,0.03272131457924843,5
362,0:30:10,eueowl1,0.06494860351085663,1
362,0:30:10,tawowl1,0.047612160444259644,2
362,0:30:10,watrai1,0.044502969831228256,3
362,0:30:10,commoo3,0.03791176155209541,4
362,0:30:10,brnowl,0.035128019750118256,5
363,0:30:15,brnowl,0.06164233013987541,1
363,0:30:15,tawowl1,0.05257290601730347,2
363,0:30:15,eueowl1,0.04127896577119827,3
363,0:30:15,watrai1,0.03155659884214401,4
363,0:30:15,eurcoo,0.02991660311818123,5
364,0:30:20,tawowl1,0.07266665995121002,1
364,0:30:20,commoo3,0.04692259430885315,2
364,0:30:20,eurcoo,0.04287606105208397,3
364,0:30:20,eueowl1,0.04230869188904762,4
364,0:30:20,watrai1,0.03766726329922676,5
365,0:30:25,eurcoo,0.04922028258442879,1
365,0:30:25,tawowl1,0.04680239409208298,2
365,0:30:25,eueowl1,0.032114192843437195,3
365,0:30:25,loeowl,0.030529314652085304,4
365,0:30:25,watrai1,0.028075439855456352,5
366,0:30:30,watrai1,0.04291937127709389,1
366,0:30:30,manshe,0.039137765765190125,2
366,0:30:30,eueowl1,0.023265767842531204,3
366,0:30:30,comqua1,0.023019051179289818,4
366,0:30:30,tawowl1,0.02159842848777771,5
367,0:30:35,brnowl,0.21647204458713531,1
367,0:30:35,loeowl,0.09994588047266006,2
367,0:30:35,eueowl1,0.09158037602901459,3
367,0:30:35,litowl1,0.052865542471408844,4
367,0:30:35,tawowl1,0.027600420638918877,5
368,0:30:40,tawowl1,0.04798091948032379,1
368,0:30:40,watrai1,0.040423110127449036,2
368,0:30:40,eueowl1,0.03915707767009735,3
368,0:30:40,commoo3,0.038066331297159195,4
368,0:30:40,loeowl,0.03083263337612152,5
369,0:30:45,brnowl,0.2506740391254425,1
369,0:30:45,tawowl1,0.0469258688390255,2
369,0:30:45,litowl1,0.017776980996131897,3
369,0:30:45,commoo3,0.017439482733607292,4
369,0:30:45,eueowl1,0.017108391970396042,5
370,0:30:50,brnowl,0.3841405212879181,1
370,0:30:50,eueowl1,0.03902742266654968,2
370,0:30:50,tawowl1,0.037624821066856384,3
370,0:30:50,loeowl,0.028554774820804596,4
370,0:30:50,litowl1,0.028401287272572517,5
371,0:30:55,tawowl1,0.05612492933869362,1
371,0:30:55,eueowl1,0.043040141463279724,2
371,0:30:55,rocpig,0.037037886679172516,3
371,0:30:55,loeowl,0.028101369738578796,4
371,0:30:55,watrai1,0.02044639177620411,5
372,0:31:00,tawowl1,0.055940426886081696,1
372,0:31:00,commoo3,0.048825204372406006,2
372,0:31:00,eurcoo,0.044897109270095825,3
372,0:31:00,comqua1,0.0424235500395298,4
372,0:31:00,eueowl1,0.03538352623581886,5
373,0:31:05,watrai1,0.051468949764966965,1
373,0:31:05,tawowl1,0.041588351130485535,2
373,0:31:05,loeowl,0.03407365083694458,3
373,0:31:05,eueowl1,0.03361668065190315,4
373,0:31:05,waldra1,0.026964200660586357,5
374,0:31:10,eueowl1,0.07797978073358536,1
374,0:31:10,tawowl1,0.044682491570711136,2
374,0:31:10,commoo3,0.035689372569322586,3
374,0:31:10,grebit1,0.03563475236296654,4
374,0:31:10,brnowl,0.03306504711508751,5
375,0:31:15,tawowl1,0.05149143561720848,1
375,0:31:15,eurcoo,0.05045687034726143,2
375,0:31:15,eueowl1,0.041271526366472244,3
375,0:31:15,watrai1,0.037359848618507385,4
375,0:31:15,loeowl,0.02795138955116272,5
376,0:31:20,tawowl1,0.058064334094524384,1
376,0:31:20,comqua1,0.05133983865380287,2
376,0:31:20,eueowl1,0.04646012559533119,3
376,0:31:20,eurnig1,0.036240383982658386,4
376,0:31:20,brnowl,0.032905302941799164,5
377,0:31:25,eurrob1,0.2425478845834732,1
377,0:31:25,tawowl1,0.04139045625925064,2
377,0:31:25,hawfin,0.02661237306892872,3
377,0:31:25,goldcr1,0.02373342402279377,4
377,0:31:25,spofly1,0.023455550894141197,5
378,0:31:30,tawowl1,0.029705921187996864,1
378,0:31:30,brnowl,0.028009166941046715,2
378,0:31:30,eueowl1,0.020932257175445557,3
378,0:31:30,eurnig1,0.01835927926003933,4
378,0:31:30,loeowl,0.01683279499411583,5
379,0:31:35,tawowl1,0.09144407510757446,1
379,0:31:35,brnowl,0.08067742735147476,2
379,0:31:35,litowl1,0.03154473751783371,3
379,0:31:35,commoo3,0.03024626336991787,4
379,0:31:35,loeowl,0.018129823729395866,5
380,0:31:40,brnowl,0.1762407422065735,1
380,0:31:40,tawowl1,0.03427312895655632,2
380,0:31:40,litowl1,0.028465110808610916,3
380,0:31:40,brdowl,0.021538419649004936,4
380,0:31:40,eueowl1,0.018493419513106346,5
381,0:31:45,loeowl,0.09000849723815918,1
381,0:31:45,tawowl1,0.06674908101558685,2
381,0:31:45,watrai1,0.03613920882344246,3
381,0:31:45,commoo3,0.03289775177836418,4
381,0:31:45,eurcoo,0.032548513263463974,5
382,0:31:50,tawowl1,0.08742667734622955,1
382,0:31:50,loeowl,0.04968409240245819,2
382,0:31:50,commoo3,0.047908149659633636,3
382,0:31:50,eurcoo,0.046192362904548645,4
382,0:31:50,eueowl1,0.03825506567955017,5
383,0:31:55,tawowl1,0.09087952971458435,1
383,0:31:55,eurcoo,0.0718395933508873,2
383,0:31:55,commoo3,0.05235157534480095,3
383,0:31:55,eurnig1,0.04617692157626152,4
383,0:31:55,watrai1,0.04213947430253029,5
384,0:32:00,tawowl1,0.07350736856460571,1
384,0:32:00,eurcoo,0.06385663151741028,2
384,0:32:00,commoo3,0.06325554847717285,3
384,0:32:00,eurnig1,0.05015840753912926,4
384,0:32:00,loeowl,0.04817718267440796,5
385,0:32:05,tawowl1,0.0797014832496643,1
385,0:32:05,commoo3,0.06962733715772629,2
385,0:32:05,eurcoo,0.06446123123168945,3
385,0:32:05,eueowl1,0.054380517452955246,4
385,0:32:05,loeowl,0.04783058166503906,5
386,0:32:10,tawowl1,0.07256190478801727,1
386,0:32:10,commoo3,0.054901447147130966,2
386,0:32:10,eurcoo,0.05139763280749321,3
386,0:32:10,eueowl1,0.05004500225186348,4
386,0:32:10,loeowl,0.042926497757434845,5
387,0:32:15,watrai1,0.08481892943382263,1
387,0:32:15,uraowl1,0.07391732186079025,2
387,0:32:15,eueowl1,0.06456878781318665,3
387,0:32:15,eurcoo,0.049960922449827194,4
387,0:32:15,tawowl1,0.04628681391477585,5
388,0:32:20,tawowl1,0.08426015079021454,1
388,0:32:20,eueowl1,0.05630412697792053,2
388,0:32:20,commoo3,0.03879234194755554,3
388,0:32:20,loeowl,0.03879182040691376,4
388,0:32:20,eurcoo,0.038521915674209595,5
389,0:32:25,eueowl1,0.07875282317399979,1
389,0:32:25,tawowl1,0.0498126745223999,2
389,0:32:25,watrai1,0.042134322226047516,3
389,0:32:25,commoo3,0.03997981175780296,4
389,0:32:25,eurcoo,0.03988761082291603,5
390,0:32:30,tawowl1,0.0690968856215477,1
390,0:32:30,watrai1,0.06139027327299118,2
390,0:32:30,eurcoo,0.061258815228939056,3
390,0:32:30,commoo3,0.04986610636115074,4
390,0:32:30,eueowl1,0.038516201078891754,5
391,0:32:35,commoo3,0.04838373512029648,1
391,0:32:35,litbit1,0.047744255512952805,2
391,0:32:35,tawowl1,0.045381952077150345,3
391,0:32:35,comqua1,0.03836720064282417,4
391,0:32:35,watrai1,0.03651244193315506,5
392,0:32:40,tawowl1,0.0955982506275177,1
392,0:32:40,eurcoo,0.0656266137957573,2
392,0:32:40,loeowl,0.06150033324956894,3
392,0:32:40,commoo3,0.05822074040770531,4
392,0:32:40,eueowl1,0.052524928003549576,5
393,0:32:45,tawowl1,0.08595936000347137,1
393,0:32:45,eurcoo,0.0748320072889328,2
393,0:32:45,eueowl1,0.05323570966720581,3
393,0:32:45,loeowl,0.04535820707678795,4
393,0:32:45,commoo3,0.039829906076192856,5
394,0:32:50,loeowl,0.0743425115942955,1
394,0:32:50,tawowl1,0.06862156093120575,2
394,0:32:50,eueowl1,0.05908765271306038,3
394,0:32:50,commoo3,0.05239798128604889,4
394,0:32:50,eurcoo,0.04029245302081108,5
395,0:32:55,eueowl1,0.07242987304925919,1
395,0:32:55,tawowl1,0.07111921906471252,2
395,0:32:55,eurcoo,0.06514016538858414,3
395,0:32:55,loeowl,0.05428144335746765,4
395,0:32:55,commoo3,0.0438787043094635,5
396,0:33:00,tawowl1,0.07245326787233353,1
396,0:33:00,eueowl1,0.05692905932664871,2
396,0:33:00,loeowl,0.0529169887304306,3
396,0:33:00,commoo3,0.04864177852869034,4
396,0:33:00,eurcoo,0.042539745569229126,5
397,0:33:05,tawowl1,0.074195995926857,1
397,0:33:05,commoo3,0.053401581943035126,2
397,0:33:05,eueowl1,0.03832610696554184,3
397,0:33:05,eurcoo,0.03663152456283569,4
397,0:33:05,loeowl,0.034552667289972305,5
398,0:33:10,tawowl1,0.059285178780555725,1
398,0:33:10,commoo3,0.05067436397075653,2
398,0:33:10,eurcoo,0.05021655187010765,3
398,0:33:10,eueowl1,0.04415098950266838,4
398,0:33:10,watrai1,0.036837492138147354,5
399,0:33:15,brnowl,0.08986200392246246,1
399,0:33:15,tawowl1,0.081597700715065,2
399,0:33:15,watrai1,0.027393188327550888,3
399,0:33:15,eueowl1,0.02680264785885811,4
399,0:33:15,grebit1,0.024572182446718216,5
400,0:33:20,eugplo,0.16304120421409607,1
400,0:33:20,brnowl,0.051645632833242416,2
400,0:33:20,loeowl,0.03850606083869934,3
400,0:33:20,tawowl1,0.036300044506788254,4
400,0:33:20,corplo,0.03059707209467888,5
401,0:33:25,eurjay1,0.14113061130046844,1
401,0:33:25,brnowl,0.051702748984098434,2
401,0:33:25,loeowl,0.04238894209265709,3
401,0:33:25,grycat,0.03384564816951752,4
401,0:33:25,stejay,0.03307395055890083,5
402,0:33:30,brnowl,0.42524299025535583,1
402,0:33:30,tawowl1,0.057925768196582794,2
402,0:33:30,litowl1,0.034113653004169464,3
402,0:33:30,loeowl,0.020032400265336037,4
402,0:33:30,eueowl1,0.016466068103909492,5
403,0:33:35,tawowl1,0.054467733949422836,1
403,0:33:35,eueowl1,0.04573163017630577,2
403,0:33:35,commoo3,0.04407680779695511,3
403,0:33:35,watrai1,0.03567741438746452,4
403,0:33:35,loeowl,0.03296111151576042,5
404,0:33:40,brnowl,0.1929924488067627,1
404,0:33:40,tawowl1,0.1246860921382904,2
404,0:33:40,winwre4,0.026615360751748085,3
404,0:33:40,litowl1,0.02040528878569603,4
404,0:33:40,misthr1,0.019619066268205643,5
405,0:33:45,brnowl,0.07125448435544968,1
405,0:33:45,litowl1,0.05993993952870369,2
405,0:33:45,tawowl1,0.048497047275304794,3
405,0:33:45,eueowl1,0.04183066263794899,4
405,0:33:45,loeowl,0.03732027858495712,5
406,0:33:50,tawowl1,0.1559091955423355,1
406,0:33:50,loeowl,0.06038733571767807,2
406,0:33:50,eueowl1,0.035428185015916824,3
406,0:33:50,eurcoo,0.03072582744061947,4
406,0:33:50,commoo3,0.029043925926089287,5
407,0:33:55,brnowl,0.15651004016399384,1
407,0:33:55,tawowl1,0.07170882821083069,2
407,0:33:55,eueowl1,0.03361693397164345,3
407,0:33:55,loeowl,0.027382787317037582,4
407,0:33:55,eurbla,0.019455868750810623,5
408,0:34:00,eueowl1,0.060995835810899734,1
408,0:34:00,tawowl1,0.050486672669649124,2
408,0:34:00,commoo3,0.03961418196558952,3
408,0:34:00,blksco1,0.03287332504987717,4
408,0:34:00,loeowl,0.030149979516863823,5
409,0:34:05,eueowl1,0.0416148416697979,1
409,0:34:05,brnowl,0.04021725058555603,2
409,0:34:05,blagro1,0.0368252657353878,3
409,0:34:05,loeowl,0.03425595164299011,4
409,0:34:05,tawowl1,0.027282467111945152,5
410,0:34:10,brnowl,0.5073796510696411,1
410,0:34:10,litowl1,0.11800672858953476,2
410,0:34:10,oricuc2,0.040595922619104385,3
410,0:34:10,eueowl1,0.021640053018927574,4
410,0:34:10,tawowl1,0.01814688928425312,5
411,0:34:15,brnowl,0.10836943984031677,1
411,0:34:15,tawowl1,0.0843007043004036,2
411,0:34:15,eueowl1,0.06395195424556732,3
411,0:34:15,loeowl,0.02417951449751854,4
411,0:34:15,litowl1,0.02361413650214672,5
412,0:34:20,tawowl1,0.038775745779275894,1
412,0:34:20,eueowl1,0.03527119755744934,2
412,0:34:20,loeowl,0.03419778123497963,3
412,0:34:20,brnowl,0.032846640795469284,4
412,0:34:20,mutswa,0.025164039805531502,5
413,0:34:25,tawowl1,0.09473688155412674,1
413,0:34:25,loeowl,0.09085037559270859,2
413,0:34:25,eueowl1,0.04230518639087677,3
413,0:34:25,watrai1,0.025195354595780373,4
413,0:34:25,comrav,0.01867479830980301,5
414,0:34:30,eueowl1,0.11587092280387878,1
414,0:34:30,loeowl,0.06820990145206451,2
414,0:34:30,tawowl1,0.06563280522823334,3
414,0:34:30,eurcoo,0.03265320509672165,4
414,0:34:30,commoo3,0.02717074751853943,5
415,0:34:35,tawowl1,0.1001136526465416,1
415,0:34:35,eueowl1,0.07004690170288086,2
415,0:34:35,loeowl,0.05822616070508957,3
415,0:34:35,commoo3,0.03791854903101921,4
415,0:34:35,comqua1,0.03703149035573006,5
416,0:34:40,tawowl1,0.050215594470500946,1
416,0:34:40,loeowl,0.043269459158182144,2
416,0:34:40,eueowl1,0.03687306493520737,3
416,0:34:40,watrai1,0.025491468608379364,4
416,0:34:40,commoo3,0.02379249595105648,5
417,0:34:45,brnowl,0.1631837785243988,1
417,0:34:45,tawowl1,0.07320908457040787,2
417,0:34:45,loeowl,0.05861084908246994,3
417,0:34:45,eueowl1,0.051029570400714874,4
417,0:34:45,eurjay1,0.023171966895461082,5
418,0:34:50,tawowl1,0.11176007986068726,1
418,0:34:50,eurcoo,0.06621890515089035,2
418,0:34:50,commoo3,0.05964134261012077,3
418,0:34:50,loeowl,0.04944632202386856,4
418,0:34:50,watrai1,0.03563733398914337,5
419,0:34:55,commoo3,0.08516396582126617,1
419,0:34:55,tawowl1,0.06628850102424622,2
419,0:34:55,eurcoo,0.06398256123065948,3
419,0:34:55,loeowl,0.03783566504716873,4
419,0:34:55,eurnig1,0.03783189132809639,5
420,0:35:00,tawowl1,0.07084684073925018,1
420,0:35:00,eurcoo,0.07045681774616241,2
420,0:35:00,commoo3,0.06737326830625534,3
420,0:35:00,watrai1,0.04738761484622955,4
420,0:35:00,eurnig1,0.035913027822971344,5
421,0:35:05,commoo3,0.0568331778049469,1
421,0:35:05,tawowl1,0.055451080203056335,2
421,0:35:05,eueowl1,0.038914673030376434,3
421,0:35:05,brnowl,0.03029603697359562,4
421,0:35:05,eurcoo,0.027979526668787003,5
422,0:35:10,brnowl,0.8882083892822266,1
422,0:35:10,loeowl,0.01179464440792799,2
422,0:35:10,tawowl1,0.009369833394885063,3
422,0:35:10,litowl1,0.007267835084348917,4
422,0:35:10,grhowl,0.003972321283072233,5
423,0:35:15,winwre4,0.061219777911901474,1
423,0:35:15,misthr1,0.04309637099504471,2
423,0:35:15,brnowl,0.032650552690029144,3
423,0:35:15,grebit1,0.031511999666690826,4
423,0:35:15,ortbun1,0.03134435415267944,5
424,0:35:20,brnowl,0.10798431932926178,1
424,0:35:20,watrai1,0.04215112701058388,2
424,0:35:20,eueowl1,0.03470306470990181,3
424,0:35:20,tawowl1,0.033507347106933594,4
424,0:35:20,grebit1,0.032721541821956635,5
425,0:35:25,higmot1,0.24285534024238586,1
425,0:35:25,wesowl1,0.08219022303819656,2
425,0:35:25,tawowl1,0.041182033717632294,3
425,0:35:25,rucmot2,0.02550344169139862,4
425,0:35:25,litowl1,0.024690959602594376,5
426,0:35:30,brnowl,0.24836263060569763,1
426,0:35:30,loeowl,0.09620989114046097,2
426,0:35:30,tawowl1,0.06626470386981964,3
426,0:35:30,eueowl1,0.04841659963130951,4
426,0:35:30,litowl1,0.02884436957538128,5
427,0:35:35,tawowl1,0.10037016123533249,1
427,0:35:35,brnowl,0.07494501769542694,2
427,0:35:35,eueowl1,0.03894706815481186,3
427,0:35:35,watrai1,0.031605757772922516,4
427,0:35:35,loeowl,0.025235339999198914,5
428,0:35:40,tawowl1,0.1929001659154892,1
428,0:35:40,loeowl,0.04913033917546272,2
428,0:35:40,eurcoo,0.04071236401796341,3
428,0:35:40,watrai1,0.03436024487018585,4
428,0:35:40,eueowl1,0.022991394624114037,5
429,0:35:45,brnowl,0.4575977027416229,1
429,0:35:45,litowl1,0.23184753954410553,2
429,0:35:45,brdowl,0.02107859030365944,3
429,0:35:45,tawowl1,0.008580588735640049,4
429,0:35:45,whsflo1,0.007680370006710291,5
430,0:35:50,tawowl1,0.08404987305402756,1
430,0:35:50,eueowl1,0.04395177587866783,2
430,0:35:50,eurcoo,0.03180481866002083,3
430,0:35:50,loeowl,0.030325010418891907,4
430,0:35:50,watrai1,0.03023492731153965,5
431,0:35:55,tawowl1,0.04605866223573685,1
431,0:35:55,commoo3,0.04098406061530113,2
431,0:35:55,eueowl1,0.03649929538369179,3
431,0:35:55,eurcoo,0.03634975478053093,4
431,0:35:55,watrai1,0.029696719720959663,5
432,0:36:00,eueowl1,0.057499416172504425,1
432,0:36:00,tawowl1,0.05039987340569496,2
432,0:36:00,commoo3,0.0403662770986557,3
432,0:36:00,watrai1,0.03200708329677582,4
432,0:36:00,eurcoo,0.0269088763743639,5
433,0:36:05,eurrob1,0.05956733599305153,1
433,0:36:05,tawowl1,0.05256311595439911,2
433,0:36:05,commoo3,0.04350719228386879,3
433,0:36:05,eueowl1,0.041417017579078674,4
433,0:36:05,eurnig1,0.04041712358593941,5
434,0:36:10,coatit2,0.1952730417251587,1
434,0:36:10,blackc1,0.10484396666288376,2
434,0:36:10,eurrob1,0.08576725423336029,3
434,0:36:10,spofly1,0.06966887414455414,4
434,0:36:10,wiltit1,0.050183407962322235,5
435,0:36:15,eurrob1,0.10048920661211014,1
435,0:36:15,goldcr1,0.0938524678349495,2
435,0:36:15,firecr1,0.046382203698158264,3
435,0:36:15,shttre1,0.03175903484225273,4
435,0:36:15,tawowl1,0.03140193223953247,5
436,0:36:20,tawowl1,0.08320412784814835,1
436,0:36:20,commoo3,0.06610119342803955,2
436,0:36:20,eurcoo,0.06463218480348587,3
436,0:36:20,eueowl1,0.045233625918626785,4
436,0:36:20,watrai1,0.03784281387925148,5
437,0:36:25,eueowl1,0.12042468041181564,1
437,0:36:25,loeowl,0.05773577839136124,2
437,0:36:25,tawowl1,0.055618830025196075,3
437,0:36:25,manshe,0.05515307933092117,4
437,0:36:25,commoo3,0.04409082233905792,5
438,0:36:30,commoo3,0.08580667525529861,1
438,0:36:30,tawowl1,0.044910650700330734,2
438,0:36:30,eurnig1,0.040000587701797485,3
438,0:36:30,watrai1,0.037279002368450165,4
438,0:36:30,comqua1,0.03721737116575241,5
439,0:36:35,spofly1,0.19186657667160034,1
439,0:36:35,eurrob1,0.081634521484375,2
439,0:36:35,tawowl1,0.07798809558153152,3
439,0:36:35,loeowl,0.07625924795866013,4
439,0:36:35,buggna,0.04590076953172684,5
440,0:36:40,brnowl,0.07118108123540878,1
440,0:36:40,barowl28,0.024979494512081146,2
440,0:36:40,tawowl1,0.023928029462695122,3
440,0:36:40,brncre,0.01918351836502552,4
440,0:36:40,brdowl,0.0190287958830595,5
441,0:36:45,litowl1,0.03925521299242973,1
441,0:36:45,tawowl1,0.03679493069648743,2
441,0:36:45,brnowl,0.033970531076192856,3
441,0:36:45,eueowl1,0.019594315439462662,4
441,0:36:45,loeowl,0.019399229437112808,5
442,0:36:50,tawowl1,0.04687441140413284,1
442,0:36:50,eueowl1,0.04614368453621864,2
442,0:36:50,loeowl,0.03864661604166031,3
442,0:36:50,brnowl,0.029061369597911835,4
442,0:36:50,grebit1,0.01874576322734356,5
443,0:36:55,loeowl,0.26341623067855835,1
443,0:36:55,brnowl,0.2283564656972885,2
443,0:36:55,tawowl1,0.06789631396532059,3
443,0:36:55,eueowl1,0.051429957151412964,4
443,0:36:55,eurjay1,0.029935667291283607,5
444,0:37:00,tawowl1,0.10605420172214508,1
444,0:37:00,loeowl,0.06242138519883156,2
444,0:37:00,watrai1,0.04779009148478508,3
444,0:37:00,eurcoo,0.04433607682585716,4
444,0:37:00,brnowl,0.04374350234866142,5
445,0:37:05,brnowl,0.06700442731380463,1
445,0:37:05,tawowl1,0.04239581525325775,2
445,0:37:05,commoo3,0.03833739459514618,3
445,0:37:05,loeowl,0.030480725690722466,4
445,0:37:05,eueowl1,0.024483660236001015,5
446,0:37:10,commoo3,0.05406337231397629,1
446,0:37:10,brnowl,0.03041166253387928,2
446,0:37:10,eueowl1,0.0301652941852808,3
446,0:37:10,tawowl1,0.029473597183823586,4
446,0:37:10,eurcoo,0.02660367451608181,5
447,0:37:15,commoo3,0.8857592940330505,1
447,0:37:15,watrai1,0.006422366481274366,2
447,0:37:15,eueowl1,0.006081925239413977,3
447,0:37:15,eurcoo,0.005081835202872753,4
447,0:37:15,tawowl1,0.003977382555603981,5
448,0:37:20,tawowl1,0.048394497483968735,1
448,0:37:20,eurrob1,0.035978883504867554,2
448,0:37:20,eurbla,0.03564736992120743,3
448,0:37:20,watrai1,0.035322461277246475,4
448,0:37:20,eueowl1,0.03328268229961395,5
449,0:37:25,brnowl,0.045281559228897095,1
449,0:37:25,tawowl1,0.02228318341076374,2
449,0:37:25,loeowl,0.018133068457245827,3
449,0:37:25,eurrob1,0.018021462485194206,4
449,0:37:25,brdowl,0.0179733969271183,5
450,0:37:30,brnowl,0.059266701340675354,1
450,0:37:30,herthr,0.03249764069914818,2
450,0:37:30,litowl1,0.025092480704188347,3
450,0:37:30,brdowl,0.020165594294667244,4
450,0:37:30,gretit1,0.019271472468972206,5
451,0:37:35,loeowl,0.1915678083896637,1
451,0:37:35,norlap,0.1408803015947342,2
451,0:37:35,brnowl,0.12544263899326324,3
451,0:37:35,eurjay1,0.04148555174469948,4
451,0:37:35,litowl1,0.03897567465901375,5
452,0:37:40,brnowl,0.12985430657863617,1
452,0:37:40,litowl1,0.04706606641411781,2
452,0:37:40,commoo3,0.04107590392231941,3
452,0:37:40,mutswa,0.03193240612745285,4
452,0:37:40,bargol,0.03099423460662365,5
453,0:37:45,wilpta,0.1328408569097519,1
453,0:37:45,sheowl,0.0930933877825737,2
453,0:37:45,grefla3,0.04843587800860405,3
453,0:37:45,gresku1,0.040957048535346985,4
453,0:37:45,bargol,0.03738637641072273,5
454,0:37:50,loeowl,0.1666756272315979,1
454,0:37:50,watrai1,0.03242681175470352,2
454,0:37:50,tawowl1,0.03183487802743912,3
454,0:37:50,eurcoo,0.03146279975771904,4
454,0:37:50,brnowl,0.030864259228110313,5
455,0:37:55,tawowl1,0.10820817947387695,1
455,0:37:55,loeowl,0.10095537453889847,2
455,0:37:55,litowl1,0.036879029124975204,3
455,0:37:55,rinphe,0.020558832213282585,4
455,0:37:55,eueowl1,0.01997990719974041,5
456,0:38:00,brnowl,0.22833003103733063,1
456,0:38:00,loeowl,0.0866253599524498,2
456,0:38:00,eueowl1,0.03409295901656151,3
456,0:38:00,tawowl1,0.03407628461718559,4
456,0:38:00,watrai1,0.030366992577910423,5
457,0:38:05,tawowl1,0.07916215062141418,1
457,0:38:05,loeowl,0.04924504831433296,2
457,0:38:05,eueowl1,0.03850691393017769,3
457,0:38:05,watrai1,0.029250094667077065,4
457,0:38:05,grebit1,0.02751973085105419,5
458,0:38:10,loeowl,0.23371611535549164,1
458,0:38:10,eueowl1,0.07558546960353851,2
458,0:38:10,tawowl1,0.04701752960681915,3
458,0:38:10,uraowl1,0.045708123594522476,4
458,0:38:10,commoo3,0.017461054027080536,5
459,0:38:15,brnowl,0.09324919432401657,1
459,0:38:15,tawowl1,0.0364999882876873,2
459,0:38:15,litowl1,0.034614335745573044,3
459,0:38:15,ortbun1,0.02849738299846649,4
459,0:38:15,eueowl1,0.027843695133924484,5
460,0:38:20,brnowl,0.1954590231180191,1
460,0:38:20,litowl1,0.07342703640460968,2
460,0:38:20,eueowl1,0.03734825551509857,3
460,0:38:20,tawowl1,0.028890524059534073,4
460,0:38:20,brdowl,0.021195175126194954,5
461,0:38:25,tawowl1,0.04983987286686897,1
461,0:38:25,brnowl,0.03991132974624634,2
461,0:38:25,loeowl,0.03685087710618973,3
461,0:38:25,eueowl1,0.03648023679852486,4
461,0:38:25,ortbun1,0.024478835985064507,5
462,0:38:30,eueowl1,0.05721643567085266,1
462,0:38:30,watrai1,0.03232589736580849,2
462,0:38:30,commoo3,0.029175760224461555,3
462,0:38:30,tawowl1,0.027797283604741096,4
462,0:38:30,loeowl,0.026017095893621445,5
463,0:38:35,tawowl1,0.104509636759758,1
463,0:38:35,loeowl,0.06539157032966614,2
463,0:38:35,brnowl,0.05769745260477066,3
463,0:38:35,eueowl1,0.04592212662100792,4
463,0:38:35,commoo3,0.042571742087602615,5
464,0:38:40,tawowl1,0.09277437627315521,1
464,0:38:40,loeowl,0.04795275256037712,2
464,0:38:40,eueowl1,0.03740379214286804,3
464,0:38:40,eurbla,0.026730576530098915,4
464,0:38:40,brnowl,0.02410195581614971,5
465,0:38:45,eurrob1,0.2122061550617218,1
465,0:38:45,tawowl1,0.052188776433467865,2
465,0:38:45,hawfin,0.021026046946644783,3
465,0:38:45,goldcr1,0.020758723840117455,4
465,0:38:45,shttre1,0.020584896206855774,5
466,0:38:50,comqua1,0.06945496797561646,1
466,0:38:50,commoo3,0.05436363443732262,2
466,0:38:50,tawowl1,0.047855544835329056,3
466,0:38:50,eueowl1,0.03831471502780914,4
466,0:38:50,watrai1,0.03368920087814331,5
467,0:38:55,tawowl1,0.05825980752706528,1
467,0:38:55,eueowl1,0.054268572479486465,2
467,0:38:55,loeowl,0.033886171877384186,3
467,0:38:55,commoo3,0.0302015021443367,4
467,0:38:55,watrai1,0.028021562844514847,5
468,0:39:00,commoo3,0.06614064425230026,1
468,0:39:00,tawowl1,0.06533525884151459,2
468,0:39:00,eueowl1,0.04144081473350525,3
468,0:39:00,eurcoo,0.036361321806907654,4
468,0:39:00,watrai1,0.036195605993270874,5
469,0:39:05,brnowl,0.4356175661087036,1
469,0:39:05,loeowl,0.0868963971734047,2
469,0:39:05,grhowl,0.05518413707613945,3
469,0:39:05,eurjay1,0.03229556605219841,4
469,0:39:05,litowl1,0.024916769936680794,5
470,0:39:10,tawowl1,0.066096231341362,1
470,0:39:10,brnowl,0.05927421897649765,2
470,0:39:10,eueowl1,0.04604379087686539,3
470,0:39:10,eurrob1,0.02479664981365204,4
470,0:39:10,sonthr1,0.02251897007226944,5
471,0:39:15,tawowl1,0.052588291466236115,1
471,0:39:15,commoo3,0.0459069199860096,2
471,0:39:15,eurnig1,0.04029681533575058,3
471,0:39:15,eueowl1,0.03812946379184723,4
471,0:39:15,watrai1,0.03763600066304207,5
472,0:39:20,tawowl1,0.0365852452814579,1
472,0:39:20,brnowl,0.03654272109270096,2
472,0:39:20,eueowl1,0.03348042443394661,3
472,0:39:20,litowl1,0.026858512312173843,4
472,0:39:20,ortbun1,0.01930309273302555,5
473,0:39:25,eurcoo,0.08178870379924774,1
473,0:39:25,tawowl1,0.06217164918780327,2
473,0:39:25,commoo3,0.061705976724624634,3
473,0:39:25,watrai1,0.04787437617778778,4
473,0:39:25,eueowl1,0.04048983007669449,5
474,0:39:30,commoo3,0.2787363529205322,1
474,0:39:30,baicra1,0.05410168319940567,2
474,0:39:30,watrai1,0.039993032813072205,3
474,0:39:30,eurcoo,0.03425319120287895,4
474,0:39:30,loeowl,0.02581138163805008,5
475,0:39:35,comrav,0.03764856606721878,1
475,0:39:35,waldra1,0.036865364760160446,2
475,0:39:35,commoo3,0.034818459302186966,3
475,0:39:35,eurcoo,0.030216721817851067,4
475,0:39:35,brnowl,0.022707458585500717,5
476,0:39:40,tawowl1,0.0735846534371376,1
476,0:39:40,commoo3,0.06057894974946976,2
476,0:39:40,eueowl1,0.05809366703033447,3
476,0:39:40,eurcoo,0.048770301043987274,4
476,0:39:40,loeowl,0.039425380527973175,5
477,0:39:45,tawowl1,0.06036216393113136,1
477,0:39:45,eueowl1,0.055840156972408295,2
477,0:39:45,commoo3,0.045114386826753616,3
477,0:39:45,blagro1,0.04268992319703102,4
477,0:39:45,loeowl,0.03504447638988495,5
478,0:39:50,tawowl1,0.19319772720336914,1
478,0:39:50,loeowl,0.055516891181468964,2
478,0:39:50,brnowl,0.045345112681388855,3
478,0:39:50,eueowl1,0.04303889349102974,4
478,0:39:50,eurjay1,0.025591488927602768,5
479,0:39:55,tawowl1,0.15799953043460846,1
479,0:39:55,loeowl,0.09823252260684967,2
479,0:39:55,commoo3,0.045259568840265274,3
479,0:39:55,eurcoo,0.03503794968128204,4
479,0:39:55,eueowl1,0.03295298293232918,5
480,0:40:00,loeowl,0.07045432180166245,1
480,0:40:00,tawowl1,0.062454719096422195,2
480,0:40:00,eueowl1,0.03187653049826622,3
480,0:40:00,commoo3,0.02552461065351963,4
480,0:40:00,brnowl,0.023930463939905167,5
481,0:40:05,brnowl,0.10922189056873322,1
481,0:40:05,tawowl1,0.07276192307472229,2
481,0:40:05,commoo3,0.04269806668162346,3
481,0:40:05,loeowl,0.038668192923069,4
481,0:40:05,eueowl1,0.03466912358999252,5
482,0:40:10,watrai1,0.05478207767009735,1
482,0:40:10,loeowl,0.046522106975317,2
482,0:40:10,eueowl1,0.04182356595993042,3
482,0:40:10,commoo3,0.040943458676338196,4
482,0:40:10,eurnig1,0.035667456686496735,5
483,0:40:15,grebit1,0.05631989613175392,1
483,0:40:15,tawowl1,0.03208428621292114,2
483,0:40:15,comqua1,0.029903754591941833,3
483,0:40:15,eueowl1,0.024597197771072388,4
483,0:40:15,watrai1,0.023447692394256592,5
484,0:40:20,brnowl,0.31475499272346497,1
484,0:40:20,tawowl1,0.18908055126667023,2
484,0:40:20,loeowl,0.042662207037210464,3
484,0:40:20,eueowl1,0.030519962310791016,4
484,0:40:20,litowl1,0.026615630835294724,5
485,0:40:25,tawowl1,0.056163229048252106,1
485,0:40:25,blksco1,0.05226224288344383,2
485,0:40:25,eueowl1,0.049842070788145065,3
485,0:40:25,loeowl,0.031085684895515442,4
485,0:40:25,watrai1,0.022814536467194557,5
486,0:40:30,loeowl,0.10077890008687973,1
486,0:40:30,eueowl1,0.04967372491955757,2
486,0:40:30,tawowl1,0.03095841407775879,3
486,0:40:30,watrai1,0.030433496460318565,4
486,0:40:30,grhowl,0.029215944930911064,5
487,0:40:35,tawowl1,0.04677131399512291,1
487,0:40:35,commoo3,0.03362024948000908,2
487,0:40:35,eueowl1,0.03231719508767128,3
487,0:40:35,watrai1,0.02069767378270626,4
487,0:40:35,brnowl,0.019323959946632385,5
488,0:40:40,tawowl1,0.04746152460575104,1
488,0:40:40,eueowl1,0.033283255994319916,2
488,0:40:40,loeowl,0.0325193926692009,3
488,0:40:40,commoo3,0.023473400622606277,4
488,0:40:40,grhowl,0.02266152761876583,5
489,0:40:45,tawowl1,0.0505618155002594,1
489,0:40:45,eueowl1,0.04032013937830925,2
489,0:40:45,grhowl,0.039046864956617355,3
489,0:40:45,commoo3,0.024722939357161522,4
489,0:40:45,loeowl,0.020664218813180923,5
490,0:40:50,tawowl1,0.08731686323881149,1
490,0:40:50,eueowl1,0.054520413279533386,2
490,0:40:50,commoo3,0.02465769462287426,3
490,0:40:50,grhowl,0.020942840725183487,4
490,0:40:50,loeowl,0.019471123814582825,5
491,0:40:55,tawowl1,0.03756646811962128,1
491,0:40:55,eueowl1,0.02310408651828766,2
491,0:40:55,grhowl,0.0211720522493124,3
491,0:40:55,eurrob1,0.01989787444472313,4
491,0:40:55,commoo3,0.01649589277803898,5
492,0:41:00,loeowl,0.08689823001623154,1
492,0:41:00,eueowl1,0.08121176809072495,2
492,0:41:00,tawowl1,0.06583157926797867,3
492,0:41:00,brnowl,0.03642068803310394,4
492,0:41:00,commoo3,0.023870233446359634,5
493,0:41:05,eurrob1,0.5383641123771667,1
493,0:41:05,eueowl1,0.024287311360239983,2
493,0:41:05,tawowl1,0.0183201115578413,3
493,0:41:05,loeowl,0.01440467406064272,4
493,0:41:05,commoo3,0.014339176006615162,5
494,0:41:10,watrai1,0.09517296403646469,1
494,0:41:10,eurcoo,0.09382488578557968,2
494,0:41:10,tawowl1,0.042232345789670944,3
494,0:41:10,commoo3,0.0392918586730957,4
494,0:41:10,loeowl,0.03212374076247215,5
495,0:41:15,eurrob1,0.17659735679626465,1
495,0:41:15,goldcr1,0.07396106421947479,2
495,0:41:15,eueowl1,0.034930162131786346,3
495,0:41:15,tawowl1,0.029962630942463875,4
495,0:41:15,grebit1,0.028514346107840538,5
496,0:41:20,tawowl1,0.06228148192167282,1
496,0:41:20,commoo3,0.05754842236638069,2
496,0:41:20,eueowl1,0.04846659302711487,3
496,0:41:20,eurnig1,0.03790799155831337,4
496,0:41:20,loeowl,0.03479187563061714,5
497,0:41:25,eueowl1,0.08542537689208984,1
497,0:41:25,tawowl1,0.05730298534035683,2
497,0:41:25,loeowl,0.048021163791418076,3
497,0:41:25,watrai1,0.03361404687166214,4
497,0:41:25,litbit1,0.029751218855381012,5
498,0:41:30,tawowl1,0.07210197299718857,1
498,0:41:30,loeowl,0.040684569627046585,2
498,0:41:30,eueowl1,0.04041982442140579,3
498,0:41:30,eurcoo,0.03150344267487526,4
498,0:41:30,commoo3,0.029281500726938248,5
499,0:41:35,tawowl1,0.04776924476027489,1
499,0:41:35,commoo3,0.045540083199739456,2
499,0:41:35,eurnig1,0.045113008469343185,3
499,0:41:35,eueowl1,0.041941843926906586,4
499,0:41:35,watrai1,0.03679605573415756,5
500,0:41:40,brnowl,0.042453665286302567,1
500,0:41:40,loeowl,0.04183514043688774,2
500,0:41:40,eueowl1,0.026427457109093666,3
500,0:41:40,eugplo,0.02447688579559326,4
500,0:41:40,tawowl1,0.02346014231443405,5
501,0:41:45,tawowl1,0.0817951187491417,1
501,0:41:45,brnowl,0.061257120221853256,2
501,0:41:45,waldra1,0.040072593837976456,3
501,0:41:45,eueowl1,0.03220535069704056,4
501,0:41:45,loeowl,0.029344826936721802,5
502,0:41:50,grefla3,0.05201072618365288,1
502,0:41:50,comcra,0.04772331938147545,2
502,0:41:50,grecor,0.03558811917901039,3
502,0:41:50,rinphe,0.030520692467689514,4
502,0:41:50,jacsni,0.028195634484291077,5
503,0:41:55,brnowl,0.13768494129180908,1
503,0:41:55,litowl1,0.0752662792801857,2
503,0:41:55,loeowl,0.0275160763412714,3
503,0:41:55,tawowl1,0.02224154770374298,4
503,0:41:55,eueowl1,0.017518972977995872,5
504,0:42:00,brnowl,0.05939741060137749,1
504,0:42:00,eueowl1,0.04556581750512123,2
504,0:42:00,tawowl1,0.043589215725660324,3
504,0:42:00,commoo3,0.021367104724049568,4
504,0:42:00,litowl1,0.019217561930418015,5
505,0:42:05,brnowl,0.12211042642593384,1
505,0:42:05,loeowl,0.0596209317445755,2
505,0:42:05,litowl1,0.0589151568710804,3
505,0:42:05,blagro1,0.05801080912351608,4
505,0:42:05,eueowl1,0.03771442919969559,5
506,0:42:10,tawowl1,0.10667706280946732,1
506,0:42:10,loeowl,0.05880696699023247,2
506,0:42:10,eueowl1,0.05727235600352287,3
506,0:42:10,brnowl,0.052760083228349686,4
506,0:42:10,commoo3,0.03268875554203987,5
507,0:42:15,brnowl,0.7774308323860168,1
507,0:42:15,tawowl1,0.036627788096666336,2
507,0:42:15,litowl1,0.026770291849970818,3
507,0:42:15,eueowl1,0.009112376719713211,4
507,0:42:15,loeowl,0.008215751498937607,5
508,0:42:20,tawowl1,0.05998607352375984,1
508,0:42:20,eueowl1,0.04594222083687782,2
508,0:42:20,watrai1,0.03943994641304016,3
508,0:42:20,eurrob1,0.029260734096169472,4
508,0:42:20,eurnig1,0.027747662737965584,5
509,0:42:25,tawowl1,0.05265354737639427,1
509,0:42:25,eueowl1,0.041354384273290634,2
509,0:42:25,commoo3,0.032168079167604446,3
509,0:42:25,eurbla,0.03174220025539398,4
509,0:42:25,sonthr1,0.027257690206170082,5
510,0:42:30,tawowl1,0.09050952643156052,1
510,0:42:30,brnowl,0.07503125816583633,2
510,0:42:30,eueowl1,0.064335398375988,3
510,0:42:30,commoo3,0.04303845018148422,4
510,0:42:30,loeowl,0.040944360196590424,5
511,0:42:35,eurnig1,0.07902705669403076,1
511,0:42:35,commoo3,0.0753893032670021,2
511,0:42:35,spocra1,0.05615286901593208,3
511,0:42:35,comqua1,0.038566820323467255,4
511,0:42:35,eurcoo,0.03630220144987106,5
512,0:42:40,eurnig1,0.04913131147623062,1
512,0:42:40,eurrob1,0.047256141901016235,2
512,0:42:40,commoo3,0.04353932663798332,3
512,0:42:40,eurbla,0.03205336257815361,4
512,0:42:40,tawowl1,0.030193790793418884,5
513,0:42:45,eurrob1,0.06378261744976044,1
513,0:42:45,commoo3,0.04652971029281616,2
513,0:42:45,tawowl1,0.04080578312277794,3
513,0:42:45,eurcoo,0.03598407655954361,4
513,0:42:45,watrai1,0.029583044350147247,5
514,0:42:50,tawowl1,0.12305853515863419,1
514,0:42:50,commoo3,0.06398234516382217,2
514,0:42:50,eurcoo,0.0384150967001915,3
514,0:42:50,eueowl1,0.03712986782193184,4
514,0:42:50,loeowl,0.030200321227312088,5
515,0:42:55,brnowl,0.15933890640735626,1
515,0:42:55,tawowl1,0.11561492085456848,2
515,0:42:55,litowl1,0.05880478397011757,3
515,0:42:55,loeowl,0.04341534152626991,4
515,0:42:55,eueowl1,0.03902679309248924,5
516,0:43:00,brnowl,0.1149345189332962,1
516,0:43:00,tawowl1,0.05773429572582245,2
516,0:43:00,eueowl1,0.04045020043849945,3
516,0:43:00,commoo3,0.03251975402235985,4
516,0:43:00,eurbla,0.030064908787608147,5
517,0:43:05,tawowl1,0.04900461807847023,1
517,0:43:05,eueowl1,0.032020244747400284,2
517,0:43:05,brnowl,0.028948813676834106,3
517,0:43:05,eurwig,0.020607128739356995,4
517,0:43:05,eurrob1,0.018413914367556572,5
518,0:43:10,tawowl1,0.0660025104880333,1
518,0:43:10,eueowl1,0.06304323673248291,2
518,0:43:10,watrai1,0.0276142917573452,3
518,0:43:10,loeowl,0.024720139801502228,4
518,0:43:10,brnowl,0.02409202791750431,5
519,0:43:15,tawowl1,0.05248565226793289,1
519,0:43:15,blksco1,0.05014142021536827,2
519,0:43:15,loeowl,0.04556955769658089,3
519,0:43:15,grebit1,0.04414927214384079,4
519,0:43:15,eurcoo,0.026444822549819946,5
520,0:43:20,brnowl,0.1254097819328308,1
520,0:43:20,tawowl1,0.08926651626825333,2
520,0:43:20,litowl1,0.05731455236673355,3
520,0:43:20,redwin,0.031018981710076332,4
520,0:43:20,eueowl1,0.027892613783478737,5
521,0:43:25,tawowl1,0.15732723474502563,1
521,0:43:25,loeowl,0.05331799015402794,2
521,0:43:25,eueowl1,0.05164329335093498,3
521,0:43:25,watrai1,0.035042714327573776,4
521,0:43:25,brnowl,0.021294865757226944,5
522,0:43:30,brnowl,0.17875339090824127,1
522,0:43:30,loeowl,0.08134563267230988,2
522,0:43:30,eueowl1,0.08021339774131775,3
522,0:43:30,tawowl1,0.059808067977428436,4
522,0:43:30,litowl1,0.03354675695300102,5
523,0:43:35,watrai1,0.061423107981681824,1
523,0:43:35,eurcoo,0.05449249967932701,2
523,0:43:35,tawowl1,0.05172033607959747,3
523,0:43:35,loeowl,0.04717759042978287,4
523,0:43:35,eueowl1,0.035882268100976944,5
524,0:43:40,baicra1,0.05015523359179497,1
524,0:43:40,wilpta,0.04378475621342659,2
524,0:43:40,watrai1,0.030378684401512146,3
524,0:43:40,commoo3,0.027684764936566353,4
524,0:43:40,sheowl,0.026108378544449806,5
525,0:43:45,commoo3,0.08120892196893692,1
525,0:43:45,comqua1,0.06847400963306427,2
525,0:43:45,tawowl1,0.03140939399600029,3
525,0:43:45,baicra1,0.026751825585961342,4
525,0:43:45,eurcoo,0.025364095345139503,5
526,0:43:50,loeowl,0.0736306756734848,1
526,0:43:50,watrai1,0.04656686261296272,2
526,0:43:50,eueowl1,0.046477872878313065,3
526,0:43:50,brnowl,0.044691942632198334,4
526,0:43:50,commoo3,0.03588727489113808,5
527,0:43:55,brnowl,0.15850766003131866,1
527,0:43:55,loeowl,0.10917314887046814,2
527,0:43:55,tawowl1,0.055328987538814545,3
527,0:43:55,eueowl1,0.053455106914043427,4
527,0:43:55,commoo3,0.030228976160287857,5
528,0:44:00,commoo3,0.05882154405117035,1
528,0:44:00,watrai1,0.0480867363512516,2
528,0:44:00,eurcoo,0.04387521743774414,3
528,0:44:00,eurrob1,0.03980712965130806,4
528,0:44:00,tawowl1,0.03688766807317734,5
529,0:44:05,eurrob1,0.35668185353279114,1
529,0:44:05,goldcr1,0.06941520422697067,2
529,0:44:05,eurbla,0.02954811044037342,3
529,0:44:05,eurtre1,0.020034458488225937,4
529,0:44:05,tawowl1,0.01782055012881756,5
530,0:44:10,tawowl1,0.08566794544458389,1
530,0:44:10,commoo3,0.06313618272542953,2
530,0:44:10,eueowl1,0.05754733458161354,3
530,0:44:10,watrai1,0.04733235388994217,4
530,0:44:10,eurcoo,0.0443105548620224,5
531,0:44:15,wilpta,0.11188864707946777,1
531,0:44:15,norsho,0.07572725415229797,2
531,0:44:15,commoo3,0.05422782897949219,3
531,0:44:15,eurcoo,0.04301296919584274,4
531,0:44:15,rinphe,0.035722434520721436,5
532,0:44:20,tawowl1,0.08923593163490295,1
532,0:44:20,manshe,0.05511987954378128,2
532,0:44:20,watrai1,0.04482129216194153,3
532,0:44:20,eurcoo,0.042773738503456116,4
532,0:44:20,eueowl1,0.02776651456952095,5
533,0:44:25,tawowl1,0.056191351264715195,1
533,0:44:25,rocpig,0.02947065979242325,2
533,0:44:25,eueowl1,0.029158933088183403,3
533,0:44:25,comrav,0.02430042065680027,4
533,0:44:25,spofly1,0.019374728202819824,5
534,0:44:30,tawowl1,0.22680681943893433,1
534,0:44:30,loeowl,0.13765642046928406,2
534,0:44:30,eurjay1,0.1091674193739891,3
534,0:44:30,brnowl,0.05469292774796486,4
534,0:44:30,litowl1,0.01770532689988613,5
535,0:44:35,litowl1,0.054566640406847,1
535,0:44:35,comrav,0.027350323274731636,2
535,0:44:35,spofly1,0.018884893506765366,3
535,0:44:35,rinphe,0.017699895426630974,4
535,0:44:35,wescap1,0.015769222751259804,5
536,0:44:40,commoo3,0.16170725226402283,1
536,0:44:40,watrai1,0.06112503632903099,2
536,0:44:40,loeowl,0.05603621527552605,3
536,0:44:40,tawowl1,0.054205555468797684,4
536,0:44:40,eurcoo,0.02634497359395027,5
537,0:44:45,loeowl,0.110706627368927,1
537,0:44:45,eueowl1,0.06950673460960388,2
537,0:44:45,tawowl1,0.06068619340658188,3
537,0:44:45,watrai1,0.048764344304800034,4
537,0:44:45,eurcoo,0.03798495605587959,5
538,0:44:50,tawowl1,0.07066692411899567,1
538,0:44:50,loeowl,0.059216927736997604,2
538,0:44:50,eueowl1,0.058648958802223206,3
538,0:44:50,eurcoo,0.037965159863233566,4
538,0:44:50,commoo3,0.03591884300112724,5
539,0:44:55,brnowl,0.3173668086528778,1
539,0:44:55,litowl1,0.06920236349105835,2
539,0:44:55,tawowl1,0.03902094438672066,3
539,0:44:55,eueowl1,0.03032415732741356,4
539,0:44:55,loeowl,0.022196579724550247,5
540,0:45:00,tawowl1,0.09546711295843124,1
540,0:45:00,brnowl,0.09068352729082108,2
540,0:45:00,loeowl,0.07102179527282715,3
540,0:45:00,eueowl1,0.05249840021133423,4
540,0:45:00,ortbun1,0.0172251109033823,5
541,0:45:05,tawowl1,0.07605429738759995,1
541,0:45:05,eurcoo,0.049695078283548355,2
541,0:45:05,eueowl1,0.049300555139780045,3
541,0:45:05,commoo3,0.04688328132033348,4
541,0:45:05,loeowl,0.0467144213616848,5
542,0:45:10,eurrob1,0.1417793482542038,1
542,0:45:10,winwre4,0.05150175467133522,2
542,0:45:10,tawowl1,0.041104044765233994,3
542,0:45:10,eueowl1,0.039309412240982056,4
542,0:45:10,commoo3,0.030776044353842735,5
543,0:45:15,tawowl1,0.16965171694755554,1
543,0:45:15,eurcoo,0.04745057597756386,2
543,0:45:15,grebit1,0.04666665568947792,3
543,0:45:15,eueowl1,0.042339663952589035,4
543,0:45:15,watrai1,0.03407950699329376,5
544,0:45:20,tawowl1,0.16210193932056427,1
544,0:45:20,commoo3,0.06307471543550491,2
544,0:45:20,eueowl1,0.04247760772705078,3
544,0:45:20,loeowl,0.038443662226200104,4
544,0:45:20,watrai1,0.03534579277038574,5
545,0:45:25,loeowl,0.07036028057336807,1
545,0:45:25,tawowl1,0.06491076201200485,2
545,0:45:25,eurcoo,0.06478410214185715,3
545,0:45:25,eueowl1,0.05431850254535675,4
545,0:45:25,commoo3,0.045279018580913544,5
546,0:45:30,tawowl1,0.07477962970733643,1
546,0:45:30,loeowl,0.073100745677948,2
546,0:45:30,commoo3,0.061605315655469894,3
546,0:45:30,eurcoo,0.054415516555309296,4
546,0:45:30,eurnig1,0.044816575944423676,5
547,0:45:35,brnowl,0.07508048415184021,1
547,0:45:35,loeowl,0.049109723418951035,2
547,0:45:35,eueowl1,0.04465857520699501,3
547,0:45:35,tawowl1,0.04423484951257706,4
547,0:45:35,redwin,0.03233154118061066,5
548,0:45:40,tawowl1,0.08418766409158707,1
548,0:45:40,eueowl1,0.04416074976325035,2
548,0:45:40,loeowl,0.03926900774240494,3
548,0:45:40,commoo3,0.030781054869294167,4
548,0:45:40,brnowl,0.030647432431578636,5
549,0:45:45,brnowl,0.3357201814651489,1
549,0:45:45,litowl1,0.12507838010787964,2
549,0:45:45,tawowl1,0.05908568575978279,3
549,0:45:45,eueowl1,0.0541551299393177,4
549,0:45:45,loeowl,0.02767864428460598,5
550,0:45:50,tawowl1,0.08765333145856857,1
550,0:45:50,eueowl1,0.04367299750447273,2
550,0:45:50,brnowl,0.04102462902665138,3
550,0:45:50,loeowl,0.033632926642894745,4
550,0:45:50,commoo3,0.023816870525479317,5
551,0:45:55,tawowl1,0.10785835981369019,1
551,0:45:55,brnowl,0.04128393158316612,2
551,0:45:55,loeowl,0.03717867657542229,3
551,0:45:55,eueowl1,0.029367288574576378,4
551,0:45:55,blksco1,0.02918044477701187,5
552,0:46:00,tawowl1,0.18930131196975708,1
552,0:46:00,loeowl,0.08167631179094315,2
552,0:46:00,eurcoo,0.07439953088760376,3
552,0:46:00,brnowl,0.040315840393304825,4
552,0:46:00,eueowl1,0.0301110427826643,5
553,0:46:05,brnowl,0.19475223124027252,1
553,0:46:05,eurjay1,0.18636959791183472,2
553,0:46:05,tawowl1,0.11414720118045807,3
553,0:46:05,loeowl,0.05320213735103607,4
553,0:46:05,litowl1,0.032506588846445084,5
554,0:46:10,tawowl1,0.09190157800912857,1
554,0:46:10,eueowl1,0.05793067812919617,2
554,0:46:10,loeowl,0.05254318565130234,3
554,0:46:10,watrai1,0.04962145909667015,4
554,0:46:10,commoo3,0.048051729798316956,5
555,0:46:15,tawowl1,0.05244835093617439,1
555,0:46:15,eueowl1,0.042424753308296204,2
555,0:46:15,watrai1,0.03878021240234375,3
555,0:46:15,grebit1,0.03170802816748619,4
555,0:46:15,brnowl,0.03009321726858616,5
556,0:46:20,grebit1,0.1045043021440506,1
556,0:46:20,tawowl1,0.07260416448116302,2
556,0:46:20,eueowl1,0.048673518002033234,3
556,0:46:20,loeowl,0.032888565212488174,4
556,0:46:20,eurrob1,0.02859334647655487,5
557,0:46:25,tawowl1,0.05794474482536316,1
557,0:46:25,loeowl,0.04892981797456741,2
557,0:46:25,eurcoo,0.04510661959648132,3
557,0:46:25,watrai1,0.03903687745332718,4
557,0:46:25,eueowl1,0.030304573476314545,5
558,0:46:30,tawowl1,0.031725190579891205,1
558,0:46:30,sarwar1,0.027055442333221436,2
558,0:46:30,eueowl1,0.023192081600427628,3
558,0:46:30,litowl1,0.020840900018811226,4
558,0:46:30,eurrob1,0.01944376714527607,5
559,0:46:35,tawowl1,0.06704270839691162,1
559,0:46:35,sonthr1,0.026833774521946907,2
559,0:46:35,loeowl,0.02560473047196865,3
559,0:46:35,watrai1,0.024923620745539665,4
559,0:46:35,eurbla,0.022983422502875328,5
560,0:46:40,tawowl1,0.04814258962869644,1
560,0:46:40,brnowl,0.031566232442855835,2
560,0:46:40,eueowl1,0.030191030353307724,3
560,0:46:40,litowl1,0.028195781633257866,4
560,0:46:40,loeowl,0.025393325835466385,5
561,0:46:45,brnowl,0.09967274218797684,1
561,0:46:45,litowl1,0.07288941740989685,2
561,0:46:45,tawowl1,0.07116439193487167,3
561,0:46:45,watrai1,0.040388789027929306,4
561,0:46:45,commoo3,0.03512299805879593,5
562,0:46:50,brnowl,0.6741886138916016,1
562,0:46:50,tawowl1,0.1341760754585266,2
562,0:46:50,litowl1,0.024675089865922928,3
562,0:46:50,eurjay1,0.017919529229402542,4
562,0:46:50,loeowl,0.016967279836535454,5
563,0:46:55,eurrob1,0.08982432633638382,1
563,0:46:55,tawowl1,0.03463723883032799,2
563,0:46:55,sonthr1,0.033207204192876816,3
563,0:46:55,grswoo,0.02424318715929985,4
563,0:46:55,watrai1,0.02159862406551838,5
564,0:47:00,tawowl1,0.07096612453460693,1
564,0:47:00,commoo3,0.04635399207472801,2
564,0:47:00,eurcoo,0.04608321562409401,3
564,0:47:00,loeowl,0.04151267185807228,4
564,0:47:00,eueowl1,0.04047922417521477,5
565,0:47:05,blksco1,0.08672576397657394,1
565,0:47:05,manshe,0.06230337545275688,2
565,0:47:05,commoo3,0.05222143605351448,3
565,0:47:05,eurcoo,0.039565108716487885,4
565,0:47:05,eurnig1,0.03947226330637932,5
566,0:47:10,eurcoo,0.07075367867946625,1
566,0:47:10,watrai1,0.06004394218325615,2
566,0:47:10,tawowl1,0.048004280775785446,3
566,0:47:10,commoo3,0.041492488235235214,4
566,0:47:10,comqua1,0.040788061916828156,5
567,0:47:15,watrai1,0.04730556905269623,1
567,0:47:15,grebit1,0.04438789188861847,2
567,0:47:15,tawowl1,0.0425276942551136,3
567,0:47:15,eueowl1,0.038453396409749985,4
567,0:47:15,comgre,0.03035966493189335,5
568,0:47:20,eueowl1,0.07839346677064896,1
568,0:47:20,tawowl1,0.049546148627996445,2
568,0:47:20,watrai1,0.043589528650045395,3
568,0:47:20,loeowl,0.03897672891616821,4
568,0:47:20,commoo3,0.02409658394753933,5
569,0:47:25,eurnig1,0.10880600661039352,1
569,0:47:25,commoo3,0.09207118302583694,2
569,0:47:25,comqua1,0.05425197631120682,3
569,0:47:25,watrai1,0.050603702664375305,4
569,0:47:25,grebit1,0.037492070347070694,5
570,0:47:30,tawowl1,0.08302251994609833,1
570,0:47:30,commoo3,0.049833085387945175,2
570,0:47:30,eurcoo,0.042604707181453705,3
570,0:47:30,eueowl1,0.04140961170196533,4
570,0:47:30,watrai1,0.033838655799627304,5
571,0:47:35,tawowl1,0.08431348949670792,1
571,0:47:35,eurnig1,0.049225009977817535,2
571,0:47:35,manshe,0.039159517735242844,3
571,0:47:35,loeowl,0.03226841241121292,4
571,0:47:35,commoo3,0.03222038969397545,5
572,0:47:40,tawowl1,0.08523071557283401,1
572,0:47:40,eurcoo,0.06455498933792114,2
572,0:47:40,commoo3,0.05612136051058769,3
572,0:47:40,manshe,0.048691343516111374,4
572,0:47:40,grebit1,0.041196465492248535,5
573,0:47:45,commoo3,0.11244930326938629,1
573,0:47:45,tawowl1,0.08867988735437393,2
573,0:47:45,eurcoo,0.08739842474460602,3
573,0:47:45,eurnig1,0.04468226432800293,4
573,0:47:45,loeowl,0.041031647473573685,5
574,0:47:50,tawowl1,0.13220523297786713,1
574,0:47:50,loeowl,0.07738946378231049,2
574,0:47:50,commoo3,0.05324842035770416,3
574,0:47:50,eurcoo,0.037633296102285385,4
574,0:47:50,watrai1,0.034886881709098816,5
575,0:47:55,tawowl1,0.09781577438116074,1
575,0:47:55,eurnig1,0.05483203008770943,2
575,0:47:55,loeowl,0.05411680415272713,3
575,0:47:55,commoo3,0.05314374342560768,4
575,0:47:55,eurcoo,0.04910159111022949,5
576,0:48:00,tawowl1,0.08758513629436493,1
576,0:48:00,commoo3,0.05298421159386635,2
576,0:48:00,loeowl,0.04725625365972519,3
576,0:48:00,eurcoo,0.04451568424701691,4
576,0:48:00,eueowl1,0.036342546343803406,5
577,0:48:05,tawowl1,0.09961053729057312,1
577,0:48:05,loeowl,0.0674177035689354,2
577,0:48:05,eurcoo,0.04216539114713669,3
577,0:48:05,eueowl1,0.03938727453351021,4
577,0:48:05,commoo3,0.03776314854621887,5
578,0:48:10,tawowl1,0.09395530819892883,1
578,0:48:10,loeowl,0.08247651904821396,2
578,0:48:10,eurcoo,0.0692984014749527,3
578,0:48:10,commoo3,0.05946354195475578,4
578,0:48:10,eurnig1,0.03271805867552757,5
579,0:48:15,tawowl1,0.0845528393983841,1
579,0:48:15,loeowl,0.06595727801322937,2
579,0:48:15,commoo3,0.057560525834560394,3
579,0:48:15,eurcoo,0.05084530636668205,4
579,0:48:15,watrai1,0.03105957992374897,5
580,0:48:20,tawowl1,0.1219838410615921,1
580,0:48:20,loeowl,0.09195414930582047,2
580,0:48:20,eurcoo,0.0536157451570034,3
580,0:48:20,commoo3,0.04746200889348984,4
580,0:48:20,comqua1,0.040599022060632706,5
581,0:48:25,tawowl1,0.0891605019569397,1
581,0:48:25,loeowl,0.05781424418091774,2
581,0:48:25,commoo3,0.04825320094823837,3
581,0:48:25,eurcoo,0.03676670789718628,4
581,0:48:25,eueowl1,0.02842804789543152,5
582,0:48:30,tawowl1,0.07926811277866364,1
582,0:48:30,loeowl,0.05797939747571945,2
582,0:48:30,eueowl1,0.045432522892951965,3
582,0:48:30,eurcoo,0.03898799791932106,4
582,0:48:30,commoo3,0.03661789745092392,5
583,0:48:35,winwre4,0.1884697526693344,1
583,0:48:35,misthr1,0.0609462670981884,2
583,0:48:35,cetwar1,0.04970704764127731,3
583,0:48:35,eurrob1,0.0391743928194046,4
583,0:48:35,watrai1,0.020203599706292152,5
584,0:48:40,tawowl1,0.06371799856424332,1
584,0:48:40,loeowl,0.0427323579788208,2
584,0:48:40,commoo3,0.04096870869398117,3
584,0:48:40,eurcoo,0.04077564924955368,4
584,0:48:40,eueowl1,0.03280513733625412,5
585,0:48:45,tawowl1,0.055661313235759735,1
585,0:48:45,commoo3,0.0530991293489933,2
585,0:48:45,loeowl,0.052975863218307495,3
585,0:48:45,eurnig1,0.04496621713042259,4
585,0:48:45,eurcoo,0.042228881269693375,5
586,0:48:50,loeowl,0.5030645728111267,1
586,0:48:50,tawowl1,0.05227768421173096,2
586,0:48:50,eurrob1,0.04758988693356514,3
586,0:48:50,sonthr1,0.014395278878509998,4
586,0:48:50,eurbla,0.013708076439797878,5
587,0:48:55,brnowl,0.037688083946704865,1
587,0:48:55,litowl1,0.03107895329594612,2
587,0:48:55,tawowl1,0.02864760532975197,3
587,0:48:55,winwre4,0.02702927589416504,4
587,0:48:55,spofly1,0.01299204770475626,5
588,0:49:00,tawowl1,0.0424446165561676,1
588,0:49:00,eueowl1,0.028498169034719467,2
588,0:49:00,grhowl,0.02486163005232811,3
588,0:49:00,loeowl,0.01986876130104065,4
588,0:49:00,sarwar1,0.017378630116581917,5
589,0:49:05,eueowl1,0.03797386959195137,1
589,0:49:05,tawowl1,0.021422632038593292,2
589,0:49:05,whtspa,0.018096035346388817,3
589,0:49:05,sarwar1,0.01727857068181038,4
589,0:49:05,watrai1,0.017127402126789093,5
590,0:49:10,rocpig,0.0565003827214241,1
590,0:49:10,commoo3,0.029340721666812897,2
590,0:49:10,eueowl1,0.02856537327170372,3
590,0:49:10,tawowl1,0.028225289657711983,4
590,0:49:10,watrai1,0.014166777953505516,5
591,0:49:15,loeowl,0.04044513404369354,1
591,0:49:15,tawowl1,0.026970084756612778,2
591,0:49:15,blawoo1,0.02223956398665905,3
591,0:49:15,wesowl1,0.02175678126513958,4
591,0:49:15,commoo3,0.016493014991283417,5
592,0:49:20,eurcoo,0.038515642285346985,1
592,0:49:20,watrai1,0.03813190385699272,2
592,0:49:20,tawowl1,0.03789170831441879,3
592,0:49:20,commoo3,0.030460085719823837,4
592,0:49:20,eueowl1,0.029788678511977196,5
593,0:49:25,brnowl,0.24710698425769806,1
593,0:49:25,litowl1,0.17767539620399475,2
593,0:49:25,tawowl1,0.024833841249346733,3
593,0:49:25,eueowl1,0.023566219955682755,4
593,0:49:25,ortbun1,0.01536670234054327,5
594,0:49:30,sarwar1,0.02315310761332512,1
594,0:49:30,tawowl1,0.019613390788435936,2
594,0:49:30,eueowl1,0.014634152874350548,3
594,0:49:30,ortbun1,0.014520867727696896,4
594,0:49:30,brnowl,0.012666074559092522,5
595,0:49:35,tawowl1,0.07066227495670319,1
595,0:49:35,commoo3,0.038237787783145905,2
595,0:49:35,watrai1,0.03653772175312042,3
595,0:49:35,brnowl,0.03520621731877327,4
595,0:49:35,eurcoo,0.03203485161066055,5
596,0:49:40,grecor,0.11101307719945908,1
596,0:49:40,waldra1,0.06753618270158768,2
596,0:49:40,manshe,0.04807261377573013,3
596,0:49:40,tawowl1,0.03237675875425339,4
596,0:49:40,rinphe,0.028972769156098366,5
597,0:49:45,shtgro,0.032681405544281006,1
597,0:49:45,tawowl1,0.027469974011182785,2
597,0:49:45,rinphe,0.021863402798771858,3
597,0:49:45,rocpig,0.02172267995774746,4
597,0:49:45,dowcra1,0.02160329930484295,5
598,0:49:50,comrav,0.08331959694623947,1
598,0:49:50,tawowl1,0.04819916933774948,2
598,0:49:50,litowl1,0.040899116545915604,3
598,0:49:50,eueowl1,0.03355051949620247,4
598,0:49:50,loeowl,0.02580023556947708,5
599,0:49:55,commoo3,0.04570300504565239,1
599,0:49:55,tawowl1,0.031697001308202744,2
599,0:49:55,comqua1,0.024202097207307816,3
599,0:49:55,loeowl,0.023013636469841003,4
599,0:49:55,watrai1,0.01955350860953331,5
600,0:50:00,tawowl1,0.1125563532114029,1
600,0:50:00,eueowl1,0.08663201332092285,2
600,0:50:00,loeowl,0.045395150780677795,3
600,0:50:00,brnowl,0.03515437990427017,4
600,0:50:00,commoo3,0.030819974839687347,5
601,0:50:05,brnowl,0.09605936706066132,1
601,0:50:05,tawowl1,0.0804092139005661,2
601,0:50:05,commoo3,0.05624336749315262,3
601,0:50:05,eurcoo,0.04685073718428612,4
601,0:50:05,eueowl1,0.04238799586892128,5
602,0:50:10,tawowl1,0.07207125425338745,1
602,0:50:10,eueowl1,0.05941130220890045,2
602,0:50:10,watrai1,0.05681232735514641,3
602,0:50:10,brnowl,0.056019071489572525,4
602,0:50:10,eurcoo,0.039177391678094864,5
603,0:50:15,tawowl1,0.040682729333639145,1
603,0:50:15,eurrob1,0.03683450445532799,2
603,0:50:15,eueowl1,0.025608137249946594,3
603,0:50:15,eurbla,0.022754322737455368,4
603,0:50:15,sonthr1,0.018739696592092514,5
604,0:50:20,brnowl,0.16450123488903046,1
604,0:50:20,tawowl1,0.04041096195578575,2
604,0:50:20,litowl1,0.029961831867694855,3
604,0:50:20,whtspa,0.021157486364245415,4
604,0:50:20,barowl28,0.01959415152668953,5
605,0:50:25,commoo3,0.07807812094688416,1
605,0:50:25,tawowl1,0.048473648726940155,2
605,0:50:25,watrai1,0.03552486374974251,3
605,0:50:25,comrav,0.030353162437677383,4
605,0:50:25,eurcoo,0.025546321645379066,5
606,0:50:30,tawowl1,0.12312209606170654,1
606,0:50:30,eueowl1,0.04164186492562294,2
606,0:50:30,eurcoo,0.03628619387745857,3
606,0:50:30,watrai1,0.033900294452905655,4
606,0:50:30,loeowl,0.030872957780957222,5
607,0:50:35,eurjay1,0.3096802830696106,1
607,0:50:35,brnowl,0.12228969484567642,2
607,0:50:35,loeowl,0.03893174231052399,3
607,0:50:35,tawowl1,0.03404300659894943,4
607,0:50:35,comqua1,0.023184536024928093,5
608,0:50:40,tawowl1,0.13819116353988647,1
608,0:50:40,grebit1,0.057394612580537796,2
608,0:50:40,eurcoo,0.05484500154852867,3
608,0:50:40,loeowl,0.048183541744947433,4
608,0:50:40,comqua1,0.029134070500731468,5
609,0:50:45,tawowl1,0.15029187500476837,1
609,0:50:45,eurcoo,0.060430508106946945,2
609,0:50:45,commoo3,0.05607887730002403,3
609,0:50:45,loeowl,0.043623726814985275,4
609,0:50:45,eueowl1,0.04268796369433403,5
610,0:50:50,tawowl1,0.07648783177137375,1
610,0:50:50,eurbla,0.049813203513622284,2
610,0:50:50,eurrob1,0.043049782514572144,3
610,0:50:50,loeowl,0.02873210795223713,4
610,0:50:50,redwin,0.025039685890078545,5
611,0:50:55,brnowl,0.14872515201568604,1
611,0:50:55,loeowl,0.05664980039000511,2
611,0:50:55,tawowl1,0.04190590977668762,3
611,0:50:55,eueowl1,0.04044768586754799,4
611,0:50:55,grebit1,0.023661138489842415,5
612,0:51:00,commoo3,0.08076084405183792,1
612,0:51:00,comqua1,0.05386858060956001,2
612,0:51:00,tawowl1,0.046578727662563324,3
612,0:51:00,eueowl1,0.04481615126132965,4
612,0:51:00,watrai1,0.03683030605316162,5
613,0:51:05,tawowl1,0.0677705928683281,1
613,0:51:05,loeowl,0.05278238281607628,2
613,0:51:05,brnowl,0.04620429128408432,3
613,0:51:05,eueowl1,0.04044225066900253,4
613,0:51:05,commoo3,0.039485204964876175,5
614,0:51:10,grebit1,0.12567715346813202,1
614,0:51:10,commoo3,0.06762777268886566,2
614,0:51:10,loeowl,0.060583148151636124,3
614,0:51:10,tawowl1,0.048030704259872437,4
614,0:51:10,brnowl,0.04604315385222435,5
615,0:51:15,tawowl1,0.08121073991060257,1
615,0:51:15,eueowl1,0.06442274153232574,2
615,0:51:15,grebit1,0.0591251477599144,3
615,0:51:15,loeowl,0.05401569977402687,4
615,0:51:15,eurnig1,0.03707779571413994,5
616,0:51:20,tawowl1,0.07318223267793655,1
616,0:51:20,eueowl1,0.04784000292420387,2
616,0:51:20,brnowl,0.03940742090344429,3
616,0:51:20,loeowl,0.03631683066487312,4
616,0:51:20,commoo3,0.032898902893066406,5
617,0:51:25,tawowl1,0.049138206988573074,1
617,0:51:25,eueowl1,0.041511420160532,2
617,0:51:25,brnowl,0.040928762406110764,3
617,0:51:25,loeowl,0.039803002029657364,4
617,0:51:25,litowl1,0.022174496203660965,5
618,0:51:30,loeowl,0.08136890083551407,1
618,0:51:30,commoo3,0.047628480941057205,2
618,0:51:30,tawowl1,0.04318036884069443,3
618,0:51:30,brnowl,0.035574186593294144,4
618,0:51:30,watrai1,0.03468509390950203,5
619,0:51:35,eueowl1,0.046839188784360886,1
619,0:51:35,loeowl,0.04045136645436287,2
619,0:51:35,tawowl1,0.028440402820706367,3
619,0:51:35,brnowl,0.025066643953323364,4
619,0:51:35,comrav,0.023707857355475426,5
620,0:51:40,tawowl1,0.06731950491666794,1
620,0:51:40,eueowl1,0.052882157266139984,2
620,0:51:40,loeowl,0.04320630803704262,3
620,0:51:40,watrai1,0.04042818769812584,4
620,0:51:40,eurcoo,0.04005765542387962,5
621,0:51:45,litbit1,0.058128658682107925,1
621,0:51:45,eurcoo,0.04978425055742264,2
621,0:51:45,tawowl1,0.03753028064966202,3
621,0:51:45,watrai1,0.035303715616464615,4
621,0:51:45,graher1,0.034841880202293396,5
622,0:51:50,commoo3,0.07760690152645111,1
622,0:51:50,tawowl1,0.03755876049399376,2
622,0:51:50,loeowl,0.03110433928668499,3
622,0:51:50,rinphe,0.025446923449635506,4
622,0:51:50,watrai1,0.02284521423280239,5
623,0:51:55,tawowl1,0.05400760471820831,1
623,0:51:55,eurcoo,0.04409036040306091,2
623,0:51:55,commoo3,0.040751997381448746,3
623,0:51:55,loeowl,0.035206232219934464,4
623,0:51:55,eueowl1,0.03517603501677513,5
624,0:52:00,tawowl1,0.40170854330062866,1
624,0:52:00,borowl,0.09844765812158585,2
624,0:52:00,eueowl1,0.027937985956668854,3
624,0:52:00,brnowl,0.02626597322523594,4
624,0:52:00,loeowl,0.024415455758571625,5
625,0:52:05,brnowl,0.07360582053661346,1
625,0:52:05,eueowl1,0.06226099655032158,2
625,0:52:05,tawowl1,0.05808526650071144,3
625,0:52:05,commoo3,0.029813364148139954,4
625,0:52:05,watrai1,0.027255864813923836,5
626,0:52:10,commoo3,0.0484338216483593,1
626,0:52:10,comqua1,0.03440854325890541,2
626,0:52:10,spocra1,0.021752864122390747,3
626,0:52:10,tawowl1,0.01876603253185749,4
626,0:52:10,eurwig,0.017344556748867035,5
627,0:52:15,brnowl,0.058001670986413956,1
627,0:52:15,litowl1,0.04048645868897438,2
627,0:52:15,comrav,0.030844947323203087,3
627,0:52:15,tawowl1,0.02482304535806179,4
627,0:52:15,waldra1,0.017289606854319572,5
628,0:52:20,eurgre1,0.02198939584195614,1
628,0:52:20,tawowl1,0.020720064640045166,2
628,0:52:20,litowl1,0.01963140442967415,3
628,0:52:20,ortbun1,0.019625918939709663,4
628,0:52:20,eurrob1,0.019032223150134087,5
629,0:52:25,eurrob1,0.040706437081098557,1
629,0:52:25,comchi1,0.033216577023267746,2
629,0:52:25,eurcoo,0.028703726828098297,3
629,0:52:25,tawowl1,0.024691840633749962,4
629,0:52:25,eueowl1,0.023840967565774918,5
630,0:52:30,eurtre1,0.09690776467323303,1
630,0:52:30,loeowl,0.09007159620523453,2
630,0:52:30,tawowl1,0.07680121064186096,3
630,0:52:30,eurbla,0.07316552102565765,4
630,0:52:30,eurrob1,0.05556637793779373,5
631,0:52:35,eurcoo,0.045398883521556854,1
631,0:52:35,tawowl1,0.041429538279771805,2
631,0:52:35,eueowl1,0.04069889709353447,3
631,0:52:35,blksco1,0.030106738209724426,4
631,0:52:35,watrai1,0.029605906456708908,5
632,0:52:40,commoo3,0.08746804296970367,1
632,0:52:40,tawowl1,0.07224716246128082,2
632,0:52:40,grebit1,0.04438617452979088,3
632,0:52:40,watrai1,0.03924478217959404,4
632,0:52:40,eueowl1,0.039046511054039,5
633,0:52:45,hawfin,0.037183020263910294,1
633,0:52:45,loeowl,0.028594940900802612,2
633,0:52:45,comrav,0.024869846180081367,3
633,0:52:45,eurrob1,0.02159283123910427,4
633,0:52:45,tawowl1,0.0205751433968544,5
634,0:52:50,brnowl,0.592626690864563,1
634,0:52:50,loeowl,0.15822824835777283,2
634,0:52:50,grhowl,0.020828960463404655,3
634,0:52:50,tawowl1,0.014048819430172443,4
634,0:52:50,litowl1,0.013492897152900696,5
635,0:52:55,brnowl,0.2543273866176605,1
635,0:52:55,loeowl,0.04419218748807907,2
635,0:52:55,tawowl1,0.04031234234571457,3
635,0:52:55,eueowl1,0.0346345491707325,4
635,0:52:55,litowl1,0.03069506213068962,5
636,0:53:00,tawowl1,0.06991592049598694,1
636,0:53:00,eueowl1,0.04150143265724182,2
636,0:53:00,brnowl,0.03178685903549194,3
636,0:53:00,watrai1,0.030761947855353355,4
636,0:53:00,loeowl,0.02253607101738453,5
637,0:53:05,eueowl1,0.05708608403801918,1
637,0:53:05,tawowl1,0.05312393605709076,2
637,0:53:05,loeowl,0.0426449179649353,3
637,0:53:05,commoo3,0.032910414040088654,4
637,0:53:05,eurcoo,0.03020457737147808,5
638,0:53:10,brnowl,0.18684986233711243,1
638,0:53:10,litowl1,0.07379031926393509,2
638,0:53:10,loeowl,0.05417587235569954,3
638,0:53:10,tawowl1,0.045088496059179306,4
638,0:53:10,barowl28,0.019213197752833366,5
639,0:53:15,tawowl1,0.11978044360876083,1
639,0:53:15,loeowl,0.0631522536277771,2
639,0:53:15,eurcoo,0.060557782649993896,3
639,0:53:15,eueowl1,0.045931920409202576,4
639,0:53:15,commoo3,0.03850860148668289,5
640,0:53:20,tawowl1,0.07861856371164322,1
640,0:53:20,loeowl,0.07742071896791458,2
640,0:53:20,eueowl1,0.040949154645204544,3
640,0:53:20,eurcoo,0.039701808243989944,4
640,0:53:20,watrai1,0.035421162843704224,5
641,0:53:25,loeowl,0.04719195514917374,1
641,0:53:25,comcra,0.041824690997600555,2
641,0:53:25,tawowl1,0.040884751826524734,3
641,0:53:25,commoo3,0.03307628631591797,4
641,0:53:25,eurcoo,0.03191978484392166,5
642,0:53:30,tawowl1,0.07868904620409012,1
642,0:53:30,loeowl,0.053813591599464417,2
642,0:53:30,eurcoo,0.04289492219686508,3
642,0:53:30,watrai1,0.03438234701752663,4
642,0:53:30,eueowl1,0.02870883420109749,5
643,0:53:35,eueowl1,0.11710270494222641,1
643,0:53:35,litbit1,0.07695942372083664,2
643,0:53:35,flaowl,0.055563922971487045,3
643,0:53:35,tawowl1,0.04483133554458618,4
643,0:53:35,loeowl,0.041067514568567276,5
644,0:53:40,loeowl,0.0662342756986618,1
644,0:53:40,tawowl1,0.06602650135755539,2
644,0:53:40,eueowl1,0.04099154844880104,3
644,0:53:40,watrai1,0.023101327940821648,4
644,0:53:40,comqua1,0.021814506500959396,5
645,0:53:45,tawowl1,0.07532563805580139,1
645,0:53:45,comrav,0.05171196907758713,2
645,0:53:45,eueowl1,0.04203824698925018,3
645,0:53:45,commoo3,0.03071238473057747,4
645,0:53:45,loeowl,0.029662426561117172,5
646,0:53:50,tawowl1,0.10988233238458633,1
646,0:53:50,eurcoo,0.05514994636178017,2
646,0:53:50,eurnig1,0.04345005750656128,3
646,0:53:50,commoo3,0.040381088852882385,4
646,0:53:50,loeowl,0.03963024541735649,5
647,0:53:55,brnowl,0.6507190465927124,1
647,0:53:55,tawowl1,0.06664250791072845,2
647,0:53:55,litowl1,0.037393976002931595,3
647,0:53:55,loeowl,0.029850775375962257,4
647,0:53:55,eueowl1,0.009635736234486103,5
648,0:54:00,commoo3,0.11815124750137329,1
648,0:54:00,tawowl1,0.09101545065641403,2
648,0:54:00,eurcoo,0.06894677132368088,3
648,0:54:00,eueowl1,0.04377011954784393,4
648,0:54:00,spocra1,0.04036177322268486,5
649,0:54:05,loeowl,0.30820977687835693,1
649,0:54:05,tawowl1,0.06917086243629456,2
649,0:54:05,eueowl1,0.0383012518286705,3
649,0:54:05,uraowl1,0.037898916751146317,4
649,0:54:05,brnowl,0.025921843945980072,5
650,0:54:10,loeowl,0.05461383983492851,1
650,0:54:10,tawowl1,0.04617825523018837,2
650,0:54:10,commoo3,0.028836507350206375,3
650,0:54:10,eurnig1,0.027798252180218697,4
650,0:54:10,eueowl1,0.027468981221318245,5
651,0:54:15,brnowl,0.10488031804561615,1
651,0:54:15,litowl1,0.08237713575363159,2
651,0:54:15,tawowl1,0.06316084414720535,3
651,0:54:15,eueowl1,0.03243861347436905,4
651,0:54:15,loeowl,0.027013611048460007,5
652,0:54:20,tawowl1,0.03727980703115463,1
652,0:54:20,commoo3,0.0244392529129982,2
652,0:54:20,loeowl,0.02142295241355896,3
652,0:54:20,eueowl1,0.013919702731072903,4
652,0:54:20,comrav,0.013435658998787403,5
653,0:54:25,litowl1,0.062200646847486496,1
653,0:54:25,tawowl1,0.05260782688856125,2
653,0:54:25,brnowl,0.0492197684943676,3
653,0:54:25,loeowl,0.038000643253326416,4
653,0:54:25,eueowl1,0.03088763915002346,5
654,0:54:30,tawowl1,0.026212219148874283,1
654,0:54:30,manshe,0.01865200698375702,2
654,0:54:30,dowcra1,0.01806124858558178,3
654,0:54:30,brdowl,0.014017066918313503,4
654,0:54:30,watrai1,0.013787257485091686,5
655,0:54:35,tawowl1,0.060731034725904465,1
655,0:54:35,eueowl1,0.03237372264266014,2
655,0:54:35,watrai1,0.030607501044869423,3
655,0:54:35,brnowl,0.024615470319986343,4
655,0:54:35,comqua1,0.021038634702563286,5
656,0:54:40,tawowl1,0.06154181435704231,1
656,0:54:40,watrai1,0.03401865065097809,2
656,0:54:40,eueowl1,0.025608215481042862,3
656,0:54:40,rocpig,0.022769518196582794,4
656,0:54:40,loeowl,0.021403919905424118,5
657,0:54:45,tawowl1,0.08678224682807922,1
657,0:54:45,loeowl,0.054549332708120346,2
657,0:54:45,eueowl1,0.037808142602443695,3
657,0:54:45,brnowl,0.028803367167711258,4
657,0:54:45,watrai1,0.024200379848480225,5
658,0:54:50,litbit1,0.48292872309684753,1
658,0:54:50,spofly1,0.03104330785572529,2
658,0:54:50,eueowl1,0.025935329496860504,3
658,0:54:50,watrai1,0.022473139688372612,4
658,0:54:50,commoo3,0.018188683316111565,5
659,0:54:55,eurrob1,0.24720849096775055,1
659,0:54:55,eurtre1,0.07948870211839676,2
659,0:54:55,eurjay1,0.049083586782217026,3
659,0:54:55,eurbla,0.03270838409662247,4
659,0:54:55,loeowl,0.026219375431537628,5
660,0:55:00,eueowl1,0.05635107308626175,1
660,0:55:00,eurcoo,0.050445642322301865,2
660,0:55:00,tawowl1,0.04873323440551758,3
660,0:55:00,commoo3,0.04258507490158081,4
660,0:55:00,loeowl,0.03537837043404579,5
661,0:55:05,loeowl,0.7951369881629944,1
661,0:55:05,eurrob1,0.015292789787054062,2
661,0:55:05,goldcr1,0.013072612695395947,3
661,0:55:05,watrai1,0.012538043782114983,4
661,0:55:05,eurcoo,0.012423292733728886,5
662,0:55:10,commoo3,0.07620146125555038,1
662,0:55:10,tawowl1,0.07000788301229477,2
662,0:55:10,eurcoo,0.04820524901151657,3
662,0:55:10,eueowl1,0.045116279274225235,4
662,0:55:10,watrai1,0.035411473363637924,5
663,0:55:15,eurtre1,0.0835326761007309,1
663,0:55:15,eurrob1,0.052820853888988495,2
663,0:55:15,goldcr1,0.047716911882162094,3
663,0:55:15,eurbla,0.0446874238550663,4
663,0:55:15,loeowl,0.042356226593256,5
664,0:55:20,commoo3,0.08216050267219543,1
664,0:55:20,tawowl1,0.06157797574996948,2
664,0:55:20,eurcoo,0.061183467507362366,3
664,0:55:20,watrai1,0.042685456573963165,4
664,0:55:20,loeowl,0.03639817237854004,5
665,0:55:25,eueowl1,0.059565361589193344,1
665,0:55:25,loeowl,0.055051181465387344,2
665,0:55:25,tawowl1,0.05369151756167412,3
665,0:55:25,commoo3,0.04779306426644325,4
665,0:55:25,watrai1,0.03700464218854904,5
666,0:55:30,watrai1,0.0881093367934227,1
666,0:55:30,eurcoo,0.07389375567436218,2
666,0:55:30,wilpta,0.04325518384575844,3
666,0:55:30,commoo3,0.034088004380464554,4
666,0:55:30,eurnig1,0.024341711774468422,5
667,0:55:35,tawowl1,0.11847992241382599,1
667,0:55:35,eurcoo,0.05053061991930008,2
667,0:55:35,watrai1,0.03510690852999687,3
667,0:55:35,eueowl1,0.03183423727750778,4
667,0:55:35,commoo3,0.03113832138478756,5
668,0:55:40,grebit1,0.1054665669798851,1
668,0:55:40,tawowl1,0.04966380074620247,2
668,0:55:40,commoo3,0.04652783274650574,3
668,0:55:40,watrai1,0.0394686758518219,4
668,0:55:40,comqua1,0.037178460508584976,5
669,0:55:45,eurrob1,0.06945495307445526,1
669,0:55:45,eurtre1,0.05940699204802513,2
669,0:55:45,eurbla,0.049223970621824265,3
669,0:55:45,shttre1,0.047209616750478745,4
669,0:55:45,goldcr1,0.04092070460319519,5
670,0:55:50,commoo3,0.06904438138008118,1
670,0:55:50,eurcoo,0.05639605224132538,2
670,0:55:50,tawowl1,0.05481722578406334,3
670,0:55:50,loeowl,0.050628744065761566,4
670,0:55:50,grebit1,0.04365731030702591,5
671,0:55:55,tawowl1,0.10815838724374771,1
671,0:55:55,eurnig1,0.08338341116905212,2
671,0:55:55,eueowl1,0.04986787214875221,3
671,0:55:55,eurcoo,0.04723796993494034,4
671,0:55:55,commoo3,0.0457489937543869,5
672,0:56:00,tawowl1,0.08144818246364594,1
672,0:56:00,commoo3,0.043292172253131866,2
672,0:56:00,loeowl,0.040114447474479675,3
672,0:56:00,eueowl1,0.034187935292720795,4
672,0:56:00,eurcoo,0.02460949867963791,5
673,0:56:05,tawowl1,0.048151273280382156,1
673,0:56:05,eueowl1,0.04294032230973244,2
673,0:56:05,grebit1,0.0317239873111248,3
673,0:56:05,comqua1,0.030244672670960426,4
673,0:56:05,loeowl,0.025190429762005806,5
674,0:56:10,tawowl1,0.11366578936576843,1
674,0:56:10,loeowl,0.06143804267048836,2
674,0:56:10,eueowl1,0.05581367388367653,3
674,0:56:10,brnowl,0.03241041302680969,4
674,0:56:10,commoo3,0.0316762775182724,5
675,0:56:15,tawowl1,0.04952102527022362,1
675,0:56:15,watrai1,0.04621307924389839,2
675,0:56:15,eueowl1,0.038721323013305664,3
675,0:56:15,loeowl,0.03673356771469116,4
675,0:56:15,commoo3,0.03508220985531807,5
676,0:56:20,tawowl1,0.0889355018734932,1
676,0:56:20,eueowl1,0.08062589168548584,2
676,0:56:20,loeowl,0.058779340237379074,3
676,0:56:20,brnowl,0.05034937337040901,4
676,0:56:20,grebit1,0.033662352710962296,5
677,0:56:25,tawowl1,0.04554452747106552,1
677,0:56:25,watrai1,0.0374896302819252,2
677,0:56:25,eurcoo,0.030490817502141,3
677,0:56:25,eueowl1,0.026472773402929306,4
677,0:56:25,grebit1,0.021743660792708397,5
678,0:56:30,tawowl1,0.09621090441942215,1
678,0:56:30,eueowl1,0.049496669322252274,2
678,0:56:30,loeowl,0.03818440064787865,3
678,0:56:30,watrai1,0.03155474737286568,4
678,0:56:30,eurcoo,0.028014767915010452,5
679,0:56:35,loeowl,0.12207567691802979,1
679,0:56:35,tawowl1,0.08549012243747711,2
679,0:56:35,brnowl,0.027858207002282143,3
679,0:56:35,eueowl1,0.02293926477432251,4
679,0:56:35,eurcoo,0.01798572577536106,5
680,0:56:40,brnowl,0.14314375817775726,1
680,0:56:40,litowl1,0.08303778618574142,2
680,0:56:40,grebit1,0.037933122366666794,3
680,0:56:40,tawowl1,0.030800465494394302,4
680,0:56:40,whrswi1,0.027432115748524666,5
681,0:56:45,brnowl,0.27397143840789795,1
681,0:56:45,litowl1,0.18061797320842743,2
681,0:56:45,loeowl,0.07933557778596878,3
681,0:56:45,tawowl1,0.03492927551269531,4
681,0:56:45,eueowl1,0.020181629806756973,5
682,0:56:50,tawowl1,0.12494459003210068,1
682,0:56:50,eueowl1,0.06830654293298721,2
682,0:56:50,loeowl,0.0377311185002327,3
682,0:56:50,watrai1,0.03544892370700836,4
682,0:56:50,grebit1,0.027058739215135574,5
683,0:56:55,bargol,0.09516552090644836,1
683,0:56:55,commoo3,0.08835899829864502,2
683,0:56:55,tawowl1,0.03436245769262314,3
683,0:56:55,eurcoo,0.03263487666845322,4
683,0:56:55,watrai1,0.03026678040623665,5
684,0:57:00,commoo3,0.04432816058397293,1
684,0:57:00,tawowl1,0.040407612919807434,2
684,0:57:00,eueowl1,0.03986108675599098,3
684,0:57:00,loeowl,0.031296517699956894,4
684,0:57:00,eurcoo,0.028799138963222504,5
685,0:57:05,loeowl,0.12127562612295151,1
685,0:57:05,eueowl1,0.09172071516513824,2
685,0:57:05,tawowl1,0.052372146397829056,3
685,0:57:05,eurcoo,0.03043627366423607,4
685,0:57:05,uraowl1,0.0234763752669096,5
686,0:57:10,tawowl1,0.08664271980524063,1
686,0:57:10,eueowl1,0.038094885647296906,2
686,0:57:10,loeowl,0.03729948401451111,3
686,0:57:10,brnowl,0.03503551334142685,4
686,0:57:10,commoo3,0.032524093985557556,5
687,0:57:15,tawowl1,0.07756101340055466,1
687,0:57:15,eueowl1,0.05046023800969124,2
687,0:57:15,commoo3,0.047909095883369446,3
687,0:57:15,brnowl,0.04169779270887375,4
687,0:57:15,eurcoo,0.040163248777389526,5
688,0:57:20,brnowl,0.05954427644610405,1
688,0:57:20,tawowl1,0.03629414364695549,2
688,0:57:20,eurrob1,0.03306860849261284,3
688,0:57:20,whtspa,0.027735166251659393,4
688,0:57:20,eueowl1,0.017550483345985413,5
689,0:57:25,tawowl1,0.05717989429831505,1
689,0:57:25,brnowl,0.048266950994729996,2
689,0:57:25,eueowl1,0.028919866308569908,3
689,0:57:25,litowl1,0.018785519525408745,4
689,0:57:25,commoo3,0.01776556484401226,5
690,0:57:30,tawowl1,0.04226376488804817,1
690,0:57:30,loeowl,0.03231857717037201,2
690,0:57:30,commoo3,0.028633197769522667,3
690,0:57:30,eueowl1,0.02669842541217804,4
690,0:57:30,watrai1,0.023699205368757248,5
691,0:57:35,tawowl1,0.051994550973176956,1
691,0:57:35,eueowl1,0.0429266095161438,2
691,0:57:35,commoo3,0.037121981382369995,3
691,0:57:35,brnowl,0.0347946360707283,4
691,0:57:35,watrai1,0.03028952144086361,5
692,0:57:40,tawowl1,0.27453285455703735,1
692,0:57:40,brnowl,0.11418021470308304,2
692,0:57:40,commoo3,0.04029208421707153,3
692,0:57:40,loeowl,0.031818971037864685,4
692,0:57:40,eueowl1,0.026866063475608826,5
693,0:57:45,commoo3,0.1279137283563614,1
693,0:57:45,tawowl1,0.06058720871806145,2
693,0:57:45,eueowl1,0.04977518320083618,3
693,0:57:45,eurcoo,0.041911426931619644,4
693,0:57:45,loeowl,0.039904262870550156,5
694,0:57:50,tawowl1,0.09395075589418411,1
694,0:57:50,commoo3,0.07753650844097137,2
694,0:57:50,eurnig1,0.05341220274567604,3
694,0:57:50,loeowl,0.042123448103666306,4
694,0:57:50,eueowl1,0.03839510679244995,5
695,0:57:55,tawowl1,0.1799371987581253,1
695,0:57:55,brnowl,0.09852485358715057,2
695,0:57:55,eueowl1,0.037744130939245224,3
695,0:57:55,loeowl,0.036984603852033615,4
695,0:57:55,commoo3,0.034836363047361374,5
696,0:58:00,commoo3,0.058750130236148834,1
696,0:58:00,tawowl1,0.05785701423883438,2
696,0:58:00,eurcoo,0.053897175937891006,3
696,0:58:00,loeowl,0.046033162623643875,4
696,0:58:00,eueowl1,0.04305381700396538,5
697,0:58:05,commoo3,0.07667559385299683,1
697,0:58:05,tawowl1,0.059781763702631,2
697,0:58:05,eurnig1,0.046343255788087845,3
697,0:58:05,loeowl,0.042530737817287445,4
697,0:58:05,eueowl1,0.041124794632196426,5
698,0:58:10,tawowl1,0.07959974557161331,1
698,0:58:10,loeowl,0.042586393654346466,2
698,0:58:10,manshe,0.04236907884478569,3
698,0:58:10,eueowl1,0.040602486580610275,4
698,0:58:10,grebit1,0.03573155403137207,5
699,0:58:15,eurrob1,0.06019388884305954,1
699,0:58:15,tawowl1,0.051367469131946564,2
699,0:58:15,loeowl,0.05089640989899635,3
699,0:58:15,commoo3,0.039721354842185974,4
699,0:58:15,eueowl1,0.036712922155857086,5
700,0:58:20,eurrob1,0.10274746268987656,1
700,0:58:20,loeowl,0.052299290895462036,2
700,0:58:20,goldcr1,0.031469713896512985,3
700,0:58:20,firecr1,0.030445521697402,4
700,0:58:20,lottit1,0.030331481248140335,5
701,0:58:25,tawowl1,0.05267336219549179,1
701,0:58:25,commoo3,0.04707671329379082,2
701,0:58:25,eurcoo,0.046493276953697205,3
701,0:58:25,eueowl1,0.03957453742623329,4
701,0:58:25,eurnig1,0.036325931549072266,5
702,0:58:30,commoo3,0.07103147357702255,1
702,0:58:30,tawowl1,0.04865846410393715,2
702,0:58:30,eurcoo,0.0450519323348999,3
702,0:58:30,grebit1,0.03840824216604233,4
702,0:58:30,eueowl1,0.03606253117322922,5
703,0:58:35,tawowl1,0.09744676202535629,1
703,0:58:35,eurcoo,0.06520571559667587,2
703,0:58:35,commoo3,0.05484434962272644,3
703,0:58:35,loeowl,0.05363905057311058,4
703,0:58:35,eueowl1,0.04535242170095444,5
704,0:58:40,tawowl1,0.07784568518400192,1
704,0:58:40,commoo3,0.06144796684384346,2
704,0:58:40,eurcoo,0.0425797700881958,3
704,0:58:40,eueowl1,0.0420244038105011,4
704,0:58:40,loeowl,0.03589501231908798,5
705,0:58:45,eurnig1,0.0595676563680172,1
705,0:58:45,watrai1,0.033091019839048386,2
705,0:58:45,tawowl1,0.0324765183031559,3
705,0:58:45,loeowl,0.03233999386429787,4
705,0:58:45,commoo3,0.019988680258393288,5
706,0:58:50,brnowl,0.22421109676361084,1
706,0:58:50,tawowl1,0.11576168984174728,2
706,0:58:50,loeowl,0.043418023735284805,3
706,0:58:50,eueowl1,0.04168296977877617,4
706,0:58:50,commoo3,0.03523564338684082,5
707,0:58:55,tawowl1,0.06020905822515488,1
707,0:58:55,eueowl1,0.045703042298555374,2
707,0:58:55,watrai1,0.034811463207006454,3
707,0:58:55,loeowl,0.03209519758820534,4
707,0:58:55,brnowl,0.02682165987789631,5
708,0:59:00,eurrob1,0.11363420635461807,1
708,0:59:00,comrav,0.05100439861416817,2
708,0:59:00,tawowl1,0.04373518005013466,3
708,0:59:00,eueowl1,0.02443084493279457,4
708,0:59:00,spofly1,0.024382930248975754,5
709,0:59:05,eurrob1,0.12142220139503479,1
709,0:59:05,eurtre1,0.06410513073205948,2
709,0:59:05,shttre1,0.04333963617682457,3
709,0:59:05,eurbla,0.030849356204271317,4
709,0:59:05,goldcr1,0.026128504425287247,5
710,0:59:10,eueowl1,0.059304457157850266,1
710,0:59:10,tawowl1,0.05476082116365433,2
710,0:59:10,watrai1,0.04323568940162659,3
710,0:59:10,commoo3,0.030918486416339874,4
710,0:59:10,loeowl,0.030766870826482773,5
711,0:59:15,litowl1,0.07174856215715408,1
711,0:59:15,brnowl,0.060885898768901825,2
711,0:59:15,tawowl1,0.04497041180729866,3
711,0:59:15,eueowl1,0.029781069606542587,4
711,0:59:15,loeowl,0.02411769889295101,5
712,0:59:20,litowl1,0.09129394590854645,1
712,0:59:20,brnowl,0.05160922929644585,2
712,0:59:20,gretit1,0.0360136404633522,3
712,0:59:20,coatit2,0.029156912118196487,4
712,0:59:20,tawowl1,0.025639420375227928,5
713,0:59:25,commoo3,0.045485321432352066,1
713,0:59:25,bargol,0.029235368594527245,2
713,0:59:25,grecor,0.022554773837327957,3
713,0:59:25,jacsni,0.020108701661229134,4
713,0:59:25,wilpta,0.01775023527443409,5
714,0:59:30,whimbr,0.04626765102148056,1
714,0:59:30,commoo3,0.030907442793250084,2
714,0:59:30,brnowl,0.017344074323773384,3
714,0:59:30,grefla3,0.016389628872275352,4
714,0:59:30,watrai1,0.01234744768589735,5
715,0:59:35,brnowl,0.09734733402729034,1
715,0:59:35,litowl1,0.04460879787802696,2
715,0:59:35,tawowl1,0.04067782685160637,3
715,0:59:35,eueowl1,0.03684382885694504,4
715,0:59:35,loeowl,0.030893173068761826,5
716,0:59:40,waldra1,0.07577361166477203,1
716,0:59:40,tawowl1,0.058417804539203644,2
716,0:59:40,eueowl1,0.05024280771613121,3
716,0:59:40,loeowl,0.0492633655667305,4
716,0:59:40,eurcoo,0.03318796679377556,5
717,0:59:45,eurjay1,0.21211767196655273,1
717,0:59:45,tawowl1,0.05628840625286102,2
717,0:59:45,eurnut1,0.04566873982548714,3
717,0:59:45,brnowl,0.03474222496151924,4
717,0:59:45,stejay,0.0321546234190464,5
718,0:59:50,tawowl1,0.10369989275932312,1
718,0:59:50,eueowl1,0.06059833988547325,2
718,0:59:50,loeowl,0.05176017805933952,3
718,0:59:50,commoo3,0.04040694609284401,4
718,0:59:50,watrai1,0.038118474185466766,5
719,0:59:55,brnowl,0.24141913652420044,1
719,0:59:55,loeowl,0.19647981226444244,2
719,0:59:55,grhowl,0.06670098006725311,3
719,0:59:55,eurjay1,0.05824221670627594,4
719,0:59:55,eueowl1,0.04390536621212959,5
720,1:00:00,tawowl1,0.0693574845790863,1
720,1:00:00,loeowl,0.0601554736495018,2
720,1:00:00,eueowl1,0.04831862822175026,3
720,1:00:00,watrai1,0.0389404334127903,4
720,1:00:00,eurcoo,0.03844895958900452,5
721,1:00:05,tawowl1,0.07171251624822617,1
721,1:00:05,eueowl1,0.039292629808187485,2
721,1:00:05,grebit1,0.03491753339767456,3
721,1:00:05,watrai1,0.03432650491595268,4
721,1:00:05,loeowl,0.03332184627652168,5
722,1:00:10,eueowl1,0.09476494044065475,1
722,1:00:10,tawowl1,0.09009426832199097,2
722,1:00:10,loeowl,0.05889851972460747,3
722,1:00:10,watrai1,0.03692469373345375,4
722,1:00:10,eurcoo,0.03270755335688591,5
723,1:00:15,tawowl1,0.09179521352052689,1
723,1:00:15,eueowl1,0.06072140857577324,2
723,1:00:15,loeowl,0.045798156410455704,3
723,1:00:15,watrai1,0.031141340732574463,4
723,1:00:15,eurcoo,0.029859377071261406,5
724,1:00:20,eurcoo,0.061293672770261765,1
724,1:00:20,tawowl1,0.059269290417432785,2
724,1:00:20,watrai1,0.056761205196380615,3
724,1:00:20,loeowl,0.035810478031635284,4
724,1:00:20,commoo3,0.02932925708591938,5
725,1:00:25,tawowl1,0.07653326541185379,1
725,1:00:25,eurcoo,0.07106325030326843,2
725,1:00:25,loeowl,0.04904157295823097,3
725,1:00:25,eueowl1,0.04566321149468422,4
725,1:00:25,watrai1,0.044294413179159164,5
726,1:00:30,commoo3,0.0789148211479187,1
726,1:00:30,brnowl,0.06403864175081253,2
726,1:00:30,watrai1,0.057414066046476364,3
726,1:00:30,eurcoo,0.05121959373354912,4
726,1:00:30,eurnig1,0.05114996060729027,5
727,1:00:35,tawowl1,0.15755674242973328,1
727,1:00:35,eurcoo,0.06156527251005173,2
727,1:00:35,commoo3,0.054385267198085785,3
727,1:00:35,comqua1,0.05324909836053848,4
727,1:00:35,loeowl,0.04931418225169182,5
728,1:00:40,eurnig1,0.13614845275878906,1
728,1:00:40,commoo3,0.07891760766506195,2
728,1:00:40,eurcoo,0.047909926623106,3
728,1:00:40,tawowl1,0.04365769401192665,4
728,1:00:40,comqua1,0.03824310749769211,5
729,1:00:45,loeowl,0.05100439861416817,1
729,1:00:45,tawowl1,0.04682214558124542,2
729,1:00:45,eurnig1,0.042846422642469406,3
729,1:00:45,brnowl,0.04140302911400795,4
729,1:00:45,commoo3,0.03960689529776573,5
730,1:00:50,tawowl1,0.0620744489133358,1
730,1:00:50,eueowl1,0.04639328643679619,2
730,1:00:50,comqua1,0.03768501803278923,3
730,1:00:50,commoo3,0.036273613572120667,4
730,1:00:50,watrai1,0.033442173153162,5
731,1:00:55,tawowl1,0.07937948405742645,1
731,1:00:55,eueowl1,0.056247662752866745,2
731,1:00:55,comqua1,0.04047620669007301,3
731,1:00:55,commoo3,0.03678494691848755,4
731,1:00:55,watrai1,0.03186442330479622,5
732,1:01:00,brnowl,0.07335315644741058,1
732,1:01:00,tawowl1,0.046883679926395416,2
732,1:01:00,loeowl,0.03966899588704109,3
732,1:01:00,eurnig1,0.021845785900950432,4
732,1:01:00,commoo3,0.021223420277237892,5
733,1:01:05,loeowl,0.0909949541091919,1
733,1:01:05,tawowl1,0.08124849945306778,2
733,1:01:05,brnowl,0.051330458372831345,3
733,1:01:05,eurnig1,0.0294226985424757,4
733,1:01:05,eueowl1,0.024407729506492615,5
734,1:01:10,brnowl,0.11550036817789078,1
734,1:01:10,eueowl1,0.09596893191337585,2
734,1:01:10,eurjay1,0.08209291845560074,3
734,1:01:10,loeowl,0.056742485612630844,4
734,1:01:10,eurwar1,0.046627216041088104,5
735,1:01:15,loeowl,0.0739709809422493,1
735,1:01:15,eurnig1,0.06041280925273895,2
735,1:01:15,tawowl1,0.045734554529190063,3
735,1:01:15,brnowl,0.036995746195316315,4
735,1:01:15,commoo3,0.03334062546491623,5
736,1:01:20,brnowl,0.1817907989025116,1
736,1:01:20,eurjay1,0.0647856667637825,2
736,1:01:20,loeowl,0.06065019220113754,3
736,1:01:20,tawowl1,0.022313635796308517,4
736,1:01:20,carcro1,0.011391066946089268,5
737,1:01:25,eurcur,0.0752037838101387,1
737,1:01:25,eugori2,0.0671435296535492,2
737,1:01:25,brnowl,0.05052068084478378,3
737,1:01:25,blujay,0.036351680755615234,4
737,1:01:25,litowl1,0.035157911479473114,5
738,1:01:30,blujay,0.1144566535949707,1
738,1:01:30,loeowl,0.06864205002784729,2
738,1:01:30,eurcoo,0.05697333812713623,3
738,1:01:30,brnowl,0.035091955214738846,4
738,1:01:30,tawowl1,0.03492950275540352,5
739,1:01:35,tawowl1,0.10580377280712128,1
739,1:01:35,loeowl,0.04946748539805412,2
739,1:01:35,eueowl1,0.04928876459598541,3
739,1:01:35,brnowl,0.037316691130399704,4
739,1:01:35,commoo3,0.025028230622410774,5
740,1:01:40,brnowl,0.4421544075012207,1
740,1:01:40,litowl1,0.04227448254823685,2
740,1:01:40,tawowl1,0.031937938183546066,3
740,1:01:40,loeowl,0.027983125299215317,4
740,1:01:40,eueowl1,0.02369924634695053,5
741,1:01:45,tawowl1,0.07653573155403137,1
741,1:01:45,eueowl1,0.07513931393623352,2
741,1:01:45,watrai1,0.029271725565195084,3
741,1:01:45,blksco1,0.022148799151182175,4
741,1:01:45,grebit1,0.01844688318669796,5
742,1:01:50,tawowl1,0.3864361643791199,1
742,1:01:50,loeowl,0.04673367738723755,2
742,1:01:50,litowl1,0.029072057455778122,3
742,1:01:50,eueowl1,0.025797123089432716,4
742,1:01:50,brnowl,0.01970399171113968,5
743,1:01:55,eueowl1,0.1359436810016632,1
743,1:01:55,loeowl,0.09779290109872818,2
743,1:01:55,tawowl1,0.06378345936536789,3
743,1:01:55,commoo3,0.03280819207429886,4
743,1:01:55,eurcoo,0.02977392077445984,5
744,1:02:00,eurnig1,0.07491505891084671,1
744,1:02:00,commoo3,0.06084129214286804,2
744,1:02:00,tawowl1,0.05725397169589996,3
744,1:02:00,eurcoo,0.0525083914399147,4
744,1:02:00,watrai1,0.04123454540967941,5
745,1:02:05,tawowl1,0.06854455173015594,1
745,1:02:05,loeowl,0.052526820451021194,2
745,1:02:05,eueowl1,0.043054256588220596,3
745,1:02:05,commoo3,0.0365477092564106,4
745,1:02:05,watrai1,0.03341315686702728,5
746,1:02:10,tawowl1,0.09587682038545609,1
746,1:02:10,eurcoo,0.0462055504322052,2
746,1:02:10,eueowl1,0.03973350673913956,3
746,1:02:10,loeowl,0.03581072390079498,4
746,1:02:10,commoo3,0.03526780754327774,5
747,1:02:15,loeowl,0.25713130831718445,1
747,1:02:15,tawowl1,0.09217838197946548,2
747,1:02:15,eueowl1,0.06093791499733925,3
747,1:02:15,watrai1,0.021099217236042023,4
747,1:02:15,brnowl,0.01901315711438656,5
748,1:02:20,tawowl1,0.07375331968069077,1
748,1:02:20,eueowl1,0.03667629137635231,2
748,1:02:20,eurcoo,0.03361143544316292,3
748,1:02:20,commoo3,0.032091449946165085,4
748,1:02:20,ortbun1,0.02985924296081066,5
749,1:02:25,tawowl1,0.062259308993816376,1
749,1:02:25,loeowl,0.03864685446023941,2
749,1:02:25,eurcoo,0.030706100165843964,3
749,1:02:25,watrai1,0.028390105813741684,4
749,1:02:25,commoo3,0.02610875479876995,5
750,1:02:30,tawowl1,0.10078871995210648,1
750,1:02:30,eueowl1,0.047074057161808014,2
750,1:02:30,eurcoo,0.038191329687833786,3
750,1:02:30,loeowl,0.03505541756749153,4
750,1:02:30,watrai1,0.029945895075798035,5
751,1:02:35,tawowl1,0.07969696074724197,1
751,1:02:35,loeowl,0.05139544606208801,2
751,1:02:35,eurcoo,0.044382017105817795,3
751,1:02:35,commoo3,0.04276434704661369,4
751,1:02:35,eueowl1,0.03224201872944832,5
752,1:02:40,loeowl,0.7857791185379028,1
752,1:02:40,watrai1,0.03198783099651337,2
752,1:02:40,eurcoo,0.028557568788528442,3
752,1:02:40,tawowl1,0.007495786063373089,4
752,1:02:40,comchi1,0.006642139982432127,5
753,1:02:45,tawowl1,0.1777167022228241,1
753,1:02:45,commoo3,0.04844019562005997,2
753,1:02:45,comqua1,0.039704229682683945,3
753,1:02:45,eurcoo,0.03881249949336052,4
753,1:02:45,loeowl,0.038636453449726105,5
754,1:02:50,eurrob1,0.15180225670337677,1
754,1:02:50,goldcr1,0.0967281386256218,2
754,1:02:50,eurtre1,0.0820508524775505,3
754,1:02:50,gockin,0.04275161400437355,4
754,1:02:50,shttre1,0.0354250930249691,5
755,1:02:55,tawowl1,0.08861479163169861,1
755,1:02:55,eurcoo,0.05765699967741966,2
755,1:02:55,commoo3,0.05053451657295227,3
755,1:02:55,watrai1,0.04024657979607582,4
755,1:02:55,loeowl,0.03894061967730522,5
756,1:03:00,misthr1,0.10131964087486267,1
756,1:03:00,winwre4,0.07406101375818253,2
756,1:03:00,watrai1,0.031700827181339264,3
756,1:03:00,eurbla,0.02996131218969822,4
756,1:03:00,eurrob1,0.023278862237930298,5
757,1:03:05,tawowl1,0.07668206095695496,1
757,1:03:05,eurcoo,0.04694266617298126,2
757,1:03:05,loeowl,0.03797883912920952,3
757,1:03:05,commoo3,0.037341561168432236,4
757,1:03:05,watrai1,0.03505599871277809,5
758,1:03:10,tawowl1,0.06142837554216385,1
758,1:03:10,loeowl,0.047638311982154846,2
758,1:03:10,eurcoo,0.03607587516307831,3
758,1:03:10,grebit1,0.03515133634209633,4
758,1:03:10,eueowl1,0.034641724079847336,5
759,1:03:15,litbit1,0.24038270115852356,1
759,1:03:15,tawowl1,0.02722189761698246,2
759,1:03:15,comrav,0.024158332496881485,3
759,1:03:15,eueowl1,0.023097341880202293,4
759,1:03:15,spofly1,0.01734134368598461,5
760,1:03:20,tawowl1,0.08406739681959152,1
760,1:03:20,brnowl,0.049787625670433044,2
760,1:03:20,commoo3,0.03780626133084297,3
760,1:03:20,eurcoo,0.03540368750691414,4
760,1:03:20,litowl1,0.03396347165107727,5
761,1:03:25,tawowl1,0.21811708807945251,1
761,1:03:25,commoo3,0.04716368392109871,2
761,1:03:25,eueowl1,0.02979396842420101,3
761,1:03:25,grebit1,0.027433594688773155,4
761,1:03:25,brnowl,0.023381708189845085,5
762,1:03:30,tawowl1,0.09926404803991318,1
762,1:03:30,loeowl,0.0454736202955246,2
762,1:03:30,eueowl1,0.04378611594438553,3
762,1:03:30,eurcoo,0.02402164787054062,4
762,1:03:30,commoo3,0.023791510611772537,5
763,1:03:35,tawowl1,0.08773978054523468,1
763,1:03:35,commoo3,0.06098516657948494,2
763,1:03:35,loeowl,0.0556555800139904,3
763,1:03:35,eurcoo,0.04978606104850769,4
763,1:03:35,eueowl1,0.03688730299472809,5
764,1:03:40,loeowl,0.0838182121515274,1
764,1:03:40,eurtre1,0.0632033571600914,2
764,1:03:40,eurrob1,0.044002264738082886,3
764,1:03:40,manshe,0.0396849699318409,4
764,1:03:40,eurbla,0.03935031220316887,5
765,1:03:45,brnowl,0.15969473123550415,1
765,1:03:45,loeowl,0.11938805878162384,2
765,1:03:45,tawowl1,0.05423884093761444,3
765,1:03:45,eurjay1,0.029499921947717667,4
765,1:03:45,litowl1,0.023542528972029686,5
766,1:03:50,eurtre1,0.1450224667787552,1
766,1:03:50,eurrob1,0.11316433548927307,2
766,1:03:50,shttre1,0.0480693094432354,3
766,1:03:50,goldcr1,0.04347541555762291,4
766,1:03:50,brncre,0.037674710154533386,5
767,1:03:55,commoo3,0.06001110002398491,1
767,1:03:55,eurcoo,0.04560643061995506,2
767,1:03:55,watrai1,0.04373113438487053,3
767,1:03:55,loeowl,0.04290153831243515,4
767,1:03:55,tawowl1,0.04140277951955795,5
768,1:04:00,eueowl1,0.05128113925457001,1
768,1:04:00,loeowl,0.051017023622989655,2
768,1:04:00,tawowl1,0.049139782786369324,3
768,1:04:00,grebit1,0.038799725472927094,4
768,1:04:00,sonthr1,0.03762395307421684,5
769,1:04:05,loeowl,0.9894557595252991,1
769,1:04:05,tawowl1,0.0015658061020076275,2
769,1:04:05,eurcoo,0.0009794275974854827,3
769,1:04:05,watrai1,0.0007374271517619491,4
769,1:04:05,eurbla,0.0005511075141839683,5
770,1:04:10,tawowl1,0.05475408583879471,1
770,1:04:10,eueowl1,0.04551025107502937,2
770,1:04:10,comqua1,0.03702719509601593,3
770,1:04:10,eurrob1,0.0328446589410305,4
770,1:04:10,watrai1,0.031186426058411598,5
771,1:04:15,rinphe,0.06647545099258423,1
771,1:04:15,comcra,0.061272475868463516,2
771,1:04:15,commoo3,0.04380657896399498,3
771,1:04:15,watrai1,0.040508367121219635,4
771,1:04:15,wesowl1,0.03219889849424362,5
772,1:04:20,brnowl,0.3946993947029114,1
772,1:04:20,tawowl1,0.02643100917339325,2
772,1:04:20,litowl1,0.02286558225750923,3
772,1:04:20,eueowl1,0.01691512204706669,4
772,1:04:20,loeowl,0.012624102644622326,5
773,1:04:25,brnowl,0.16363206505775452,1
773,1:04:25,litowl1,0.1387091726064682,2
773,1:04:25,tawowl1,0.050363972783088684,3
773,1:04:25,loeowl,0.03034321218729019,4
773,1:04:25,eueowl1,0.02904532477259636,5
774,1:04:30,brnowl,0.15217800438404083,1
774,1:04:30,tawowl1,0.06655549257993698,2
774,1:04:30,eurcoo,0.03160925954580307,3
774,1:04:30,loeowl,0.0238161813467741,4
774,1:04:30,trufin2,0.016964860260486603,5
775,1:04:35,brnowl,0.09633724391460419,1
775,1:04:35,tawowl1,0.055068109184503555,2
775,1:04:35,eueowl1,0.030404554679989815,3
775,1:04:35,litowl1,0.02822813205420971,4
775,1:04:35,grhowl,0.022208454087376595,5
776,1:04:40,brnowl,0.7620357275009155,1
776,1:04:40,loeowl,0.014729484915733337,2
776,1:04:40,eueowl1,0.014646138064563274,3
776,1:04:40,litowl1,0.013649595901370049,4
776,1:04:40,tawowl1,0.013520448468625546,5
777,1:04:45,commoo3,0.21717804670333862,1
777,1:04:45,eurcoo,0.06909091770648956,2
777,1:04:45,tawowl1,0.05029413104057312,3
777,1:04:45,watrai1,0.049971211701631546,4
777,1:04:45,eueowl1,0.03497793897986412,5
778,1:04:50,tawowl1,0.0843837708234787,1
778,1:04:50,eueowl1,0.06515893340110779,2
778,1:04:50,eurcoo,0.05197366327047348,3
778,1:04:50,watrai1,0.04364227131009102,4
778,1:04:50,commoo3,0.030514921993017197,5
779,1:04:55,tawowl1,0.11777275800704956,1
779,1:04:55,watrai1,0.05117882415652275,2
779,1:04:55,loeowl,0.04879354313015938,3
779,1:04:55,eurcoo,0.047909289598464966,4
779,1:04:55,eueowl1,0.03488411381840706,5
780,1:05:00,brnowl,0.3127959072589874,1
780,1:05:00,tawowl1,0.0654265433549881,2
780,1:05:00,mutswa,0.03388243913650513,3
780,1:05:00,litowl1,0.03326589986681938,4
780,1:05:00,eueowl1,0.024138564243912697,5
781,1:05:05,blawoo1,0.31025221943855286,1
781,1:05:05,tawowl1,0.06714031100273132,2
781,1:05:05,eueowl1,0.029463572427630424,3
781,1:05:05,loeowl,0.02926390990614891,4
781,1:05:05,mutswa,0.024502675980329514,5
782,1:05:10,tawowl1,0.11288617551326752,1
782,1:05:10,loeowl,0.07180280983448029,2
782,1:05:10,eurcoo,0.055709898471832275,3
782,1:05:10,watrai1,0.034095145761966705,4
782,1:05:10,eueowl1,0.02900637499988079,5
783,1:05:15,tawowl1,0.08931906521320343,1
783,1:05:15,loeowl,0.06580070406198502,2
783,1:05:15,eueowl1,0.05623524636030197,3
783,1:05:15,watrai1,0.036724161356687546,4
783,1:05:15,commoo3,0.03424619138240814,5
784,1:05:20,tawowl1,0.051797084510326385,1
784,1:05:20,loeowl,0.03239506855607033,2
784,1:05:20,eueowl1,0.02840871550142765,3
784,1:05:20,eurnig1,0.028258735314011574,4
784,1:05:20,watrai1,0.02822587452828884,5
785,1:05:25,tawowl1,0.07456479966640472,1
785,1:05:25,loeowl,0.06172018125653267,2
785,1:05:25,eueowl1,0.04145868867635727,3
785,1:05:25,brnowl,0.030389703810214996,4
785,1:05:25,eurnig1,0.02878665365278721,5
786,1:05:30,tawowl1,0.12144158780574799,1
786,1:05:30,loeowl,0.06741458177566528,2
786,1:05:30,eueowl1,0.03989637270569801,3
786,1:05:30,commoo3,0.03230728954076767,4
786,1:05:30,eurcoo,0.026007888838648796,5
787,1:05:35,tawowl1,0.09646114706993103,1
787,1:05:35,loeowl,0.05313555896282196,2
787,1:05:35,commoo3,0.046029943972826004,3
787,1:05:35,eurcoo,0.04541153833270073,4
787,1:05:35,eueowl1,0.03608143329620361,5
788,1:05:40,tawowl1,0.07696797698736191,1
788,1:05:40,eurcoo,0.06449642032384872,2
788,1:05:40,commoo3,0.05201783776283264,3
788,1:05:40,loeowl,0.0452161580324173,4
788,1:05:40,eueowl1,0.043077267706394196,5
789,1:05:45,tawowl1,0.07041937857866287,1
789,1:05:45,loeowl,0.05496591329574585,2
789,1:05:45,commoo3,0.05075584352016449,3
789,1:05:45,eurcoo,0.04576805233955383,4
789,1:05:45,eueowl1,0.04135092720389366,5
790,1:05:50,tawowl1,0.06873947381973267,1
790,1:05:50,loeowl,0.057404547929763794,2
790,1:05:50,commoo3,0.05591636896133423,3
790,1:05:50,eurcoo,0.04933575540781021,4
790,1:05:50,eueowl1,0.042697321623563766,5
791,1:05:55,tawowl1,0.09446804970502853,1
791,1:05:55,commoo3,0.06913934648036957,2
791,1:05:55,eurcoo,0.06568265706300735,3
791,1:05:55,loeowl,0.05733069032430649,4
791,1:05:55,eueowl1,0.04501604288816452,5
792,1:06:00,blksco1,0.19321677088737488,1
792,1:06:00,manshe,0.1101001724600792,2
792,1:06:00,commoo3,0.035677649080753326,3
792,1:06:00,eurcoo,0.03329607471823692,4
792,1:06:00,watrai1,0.030700799077749252,5
793,1:06:05,commoo3,0.06194643676280975,1
793,1:06:05,tawowl1,0.05337266996502876,2
793,1:06:05,loeowl,0.0479247123003006,3
793,1:06:05,eurnig1,0.03983229771256447,4
793,1:06:05,eurcoo,0.036665648221969604,5
794,1:06:10,tawowl1,0.07064367085695267,1
794,1:06:10,commoo3,0.06010834872722626,2
794,1:06:10,loeowl,0.05625511705875397,3
794,1:06:10,eurcoo,0.05480771139264107,4
794,1:06:10,eurnig1,0.049542441964149475,5
795,1:06:15,tawowl1,0.08446148782968521,1
795,1:06:15,commoo3,0.08085168898105621,2
795,1:06:15,eurcoo,0.06375593692064285,3
795,1:06:15,grebit1,0.03802869841456413,4
795,1:06:15,loeowl,0.03646091744303703,5
796,1:06:20,tawowl1,0.1482536494731903,1
796,1:06:20,loeowl,0.07551037520170212,2
796,1:06:20,eurcoo,0.05856386199593544,3
796,1:06:20,commoo3,0.052310433238744736,4
796,1:06:20,eueowl1,0.03382508456707001,5
797,1:06:25,tawowl1,0.06866571307182312,1
797,1:06:25,commoo3,0.05663556233048439,2
797,1:06:25,loeowl,0.053680170327425,3
797,1:06:25,eurcoo,0.04727040231227875,4
797,1:06:25,eurnig1,0.04631241783499718,5
798,1:06:30,tawowl1,0.06327402591705322,1
798,1:06:30,eurnig1,0.06153549998998642,2
798,1:06:30,loeowl,0.0610482431948185,3
798,1:06:30,commoo3,0.054091356694698334,4
798,1:06:30,eurcoo,0.04135354608297348,5
799,1:06:35,tawowl1,0.07313146442174911,1
799,1:06:35,commoo3,0.05461495742201805,2
799,1:06:35,loeowl,0.05162222310900688,3
799,1:06:35,eurnig1,0.0482509471476078,4
799,1:06:35,eurcoo,0.040756743401288986,5
800,1:06:40,eueowl1,0.057554665952920914,1
800,1:06:40,brnowl,0.049373164772987366,2
800,1:06:40,tawowl1,0.04268021136522293,3
800,1:06:40,loeowl,0.04014294221997261,4
800,1:06:40,grhowl,0.03997422754764557,5
801,1:06:45,brnowl,0.4876115620136261,1
801,1:06:45,grhowl,0.03434114530682564,2
801,1:06:45,loeowl,0.03250056877732277,3
801,1:06:45,eurnut1,0.025203028693795204,4
801,1:06:45,barowl28,0.019191984087228775,5
802,1:06:50,brnowl,0.6220923662185669,1
802,1:06:50,litowl1,0.05082528293132782,2
802,1:06:50,loeowl,0.038674306124448776,3
802,1:06:50,grhowl,0.029631877318024635,4
802,1:06:50,eueowl1,0.023735232651233673,5
803,1:06:55,tawowl1,0.1251317709684372,1
803,1:06:55,loeowl,0.04334966093301773,2
803,1:06:55,eueowl1,0.04168711230158806,3
803,1:06:55,eurcoo,0.03345572575926781,4
803,1:06:55,commoo3,0.02678128518164158,5
804,1:07:00,brnowl,0.2111288160085678,1
804,1:07:00,loeowl,0.04177325963973999,2
804,1:07:00,eueowl1,0.03945433720946312,3
804,1:07:00,tawowl1,0.028699800372123718,4
804,1:07:00,watrai1,0.024037210270762444,5
805,1:07:05,tawowl1,0.10892938822507858,1
805,1:07:05,eurcoo,0.06026695668697357,2
805,1:07:05,watrai1,0.05005753040313721,3
805,1:07:05,commoo3,0.04413670673966408,4
805,1:07:05,eueowl1,0.04099332541227341,5
806,1:07:10,brnowl,0.4838923215866089,1
806,1:07:10,tawowl1,0.11490371823310852,2
806,1:07:10,litowl1,0.023471256718039513,3
806,1:07:10,loeowl,0.01982995495200157,4
806,1:07:10,eurcoo,0.01887834444642067,5
807,1:07:15,tawowl1,0.0539139024913311,1
807,1:07:15,eurcoo,0.04453215375542641,2
807,1:07:15,loeowl,0.038906339555978775,3
807,1:07:15,watrai1,0.034656424075365067,4
807,1:07:15,eueowl1,0.031593162566423416,5
808,1:07:20,tawowl1,0.06448015570640564,1
808,1:07:20,eueowl1,0.06353426724672318,2
808,1:07:20,loeowl,0.0576045885682106,3
808,1:07:20,eurcoo,0.03715938702225685,4
808,1:07:20,watrai1,0.03174173831939697,5
809,1:07:25,grebit1,0.4375576674938202,1
809,1:07:25,tawowl1,0.03772929683327675,2
809,1:07:25,graher1,0.035186510533094406,3
809,1:07:25,loeowl,0.03270745649933815,4
809,1:07:25,eueowl1,0.022636206820607185,5
810,1:07:30,tawowl1,0.09029430150985718,1
810,1:07:30,eueowl1,0.05795528367161751,2
810,1:07:30,loeowl,0.05749998986721039,3
810,1:07:30,uraowl1,0.03671347349882126,4
810,1:07:30,grhowl,0.030873335897922516,5
811,1:07:35,tawowl1,0.04616206884384155,1
811,1:07:35,shttre1,0.023886563256382942,2
811,1:07:35,eueowl1,0.021694503724575043,3
811,1:07:35,loeowl,0.019892042502760887,4
811,1:07:35,eurcoo,0.01801030896604061,5
812,1:07:40,litowl1,0.14113733172416687,1
812,1:07:40,brnowl,0.08961588144302368,2
812,1:07:40,tawowl1,0.07379782944917679,3
812,1:07:40,comrav,0.03505916893482208,4
812,1:07:40,eueowl1,0.031082242727279663,5
813,1:07:45,tawowl1,0.05215900391340256,1
813,1:07:45,eueowl1,0.03832049295306206,2
813,1:07:45,commoo3,0.03759372979402542,3
813,1:07:45,brnowl,0.031390734016895294,4
813,1:07:45,loeowl,0.02171921171247959,5
814,1:07:50,litowl1,0.4599398374557495,1
814,1:07:50,brnowl,0.08077707141637802,2
814,1:07:50,loeowl,0.0730062797665596,3
814,1:07:50,tawowl1,0.051403336226940155,4
814,1:07:50,eueowl1,0.014035865664482117,5
815,1:07:55,brnowl,0.22718696296215057,1
815,1:07:55,tawowl1,0.08411914110183716,2
815,1:07:55,loeowl,0.028804758563637733,3
815,1:07:55,brdowl,0.026950959116220474,4
815,1:07:55,grhowl,0.019532540813088417,5
816,1:08:00,tawowl1,0.11591911315917969,1
816,1:08:00,loeowl,0.04341866821050644,2
816,1:08:00,commoo3,0.04141984507441521,3
816,1:08:00,eueowl1,0.0379948616027832,4
816,1:08:00,eurcoo,0.03797784447669983,5
817,1:08:05,commoo3,0.07120916992425919,1
817,1:08:05,tawowl1,0.06251663714647293,2
817,1:08:05,eurcoo,0.03813499957323074,3
817,1:08:05,brnowl,0.02520718052983284,4
817,1:08:05,eueowl1,0.0249901432543993,5
818,1:08:10,loeowl,0.06165085732936859,1
818,1:08:10,tawowl1,0.060691460967063904,2
818,1:08:10,commoo3,0.04800871014595032,3
818,1:08:10,eueowl1,0.04596909508109093,4
818,1:08:10,sonthr1,0.02847566269338131,5
819,1:08:15,eurcoo,0.07366609573364258,1
819,1:08:15,commoo3,0.06542443484067917,2
819,1:08:15,tawowl1,0.05479895696043968,3
819,1:08:15,watrai1,0.0442233644425869,4
819,1:08:15,eueowl1,0.03846985101699829,5
820,1:08:20,tawowl1,0.07796156406402588,1
820,1:08:20,brnowl,0.07218467444181442,2
820,1:08:20,loeowl,0.042871881276369095,3
820,1:08:20,eueowl1,0.0424216128885746,4
820,1:08:20,eurcoo,0.039679285138845444,5
821,1:08:25,tawowl1,0.0894024670124054,1
821,1:08:25,commoo3,0.06217236816883087,2
821,1:08:25,eurnig1,0.04846072569489479,3
821,1:08:25,eurcoo,0.03317440301179886,4
821,1:08:25,eueowl1,0.03067430667579174,5
822,1:08:30,tawowl1,0.12993592023849487,1
822,1:08:30,eueowl1,0.044806305319070816,2
822,1:08:30,loeowl,0.04352112486958504,3
822,1:08:30,eurcoo,0.04041750729084015,4
822,1:08:30,commoo3,0.03848666697740555,5
823,1:08:35,tawowl1,0.0693519338965416,1
823,1:08:35,eueowl1,0.06002137437462807,2
823,1:08:35,commoo3,0.04748062044382095,3
823,1:08:35,loeowl,0.02816988155245781,4
823,1:08:35,eurcoo,0.02404470555484295,5
824,1:08:40,brnowl,0.05116279795765877,1
824,1:08:40,litowl1,0.048765406012535095,2
824,1:08:40,tawowl1,0.048600681126117706,3
824,1:08:40,commoo3,0.028680479153990746,4
824,1:08:40,loeowl,0.023095296695828438,5
825,1:08:45,commoo3,0.20244894921779633,1
825,1:08:45,comqua1,0.04448966309428215,2
825,1:08:45,watrai1,0.04263092577457428,3
825,1:08:45,eueowl1,0.040716301649808884,4
825,1:08:45,eurcoo,0.03046669252216816,5
826,1:08:50,tawowl1,0.060375649482011795,1
826,1:08:50,eueowl1,0.053147926926612854,2
826,1:08:50,watrai1,0.044870272278785706,3
826,1:08:50,loeowl,0.030087774619460106,4
826,1:08:50,brnowl,0.027727194130420685,5
827,1:08:55,brnowl,0.05933275446295738,1
827,1:08:55,tawowl1,0.05504216253757477,2
827,1:08:55,eueowl1,0.04046660289168358,3
827,1:08:55,loeowl,0.034592404961586,4
827,1:08:55,eurnig1,0.033793553709983826,5
828,1:09:00,commoo3,0.11116135120391846,1
828,1:09:00,tawowl1,0.10504709184169769,2
828,1:09:00,eurcoo,0.03568698465824127,3
828,1:09:00,eueowl1,0.03220207989215851,4
828,1:09:00,comqua1,0.02950993739068508,5
829,1:09:05,brnowl,0.08655864745378494,1
829,1:09:05,tawowl1,0.05465679243206978,2
829,1:09:05,commoo3,0.027556251734495163,3
829,1:09:05,watrai1,0.025286423042416573,4
829,1:09:05,eueowl1,0.023933961987495422,5
830,1:09:10,brnowl,0.0848011001944542,1
830,1:09:10,comsan,0.05641606077551842,2
830,1:09:10,litowl1,0.03200140222907066,3
830,1:09:10,ortbun1,0.023476123809814453,4
830,1:09:10,herthr,0.01823224127292633,5
831,1:09:15,tawowl1,0.0432063490152359,1
831,1:09:15,brnowl,0.03505075350403786,2
831,1:09:15,loeowl,0.030679091811180115,3
831,1:09:15,eueowl1,0.024604432284832,4
831,1:09:15,watrai1,0.024219142273068428,5
832,1:09:20,eueowl1,0.05698772519826889,1
832,1:09:20,tawowl1,0.05640570446848869,2
832,1:09:20,commoo3,0.03518214449286461,3
832,1:09:20,loeowl,0.029572637751698494,4
832,1:09:20,watrai1,0.022679626941680908,5
833,1:09:25,eurrob1,0.05393540859222412,1
833,1:09:25,eurbla,0.050123535096645355,2
833,1:09:25,tawowl1,0.03897611424326897,3
833,1:09:25,loeowl,0.03771977871656418,4
833,1:09:25,shttre1,0.03420364111661911,5
834,1:09:30,tawowl1,0.05453912541270256,1
834,1:09:30,loeowl,0.04218266159296036,2
834,1:09:30,eueowl1,0.03420645371079445,3
834,1:09:30,watrai1,0.023614585399627686,4
834,1:09:30,commoo3,0.02154974639415741,5
835,1:09:35,litowl1,0.1282503306865692,1
835,1:09:35,brnowl,0.09418511390686035,2
835,1:09:35,tawowl1,0.07319887727499008,3
835,1:09:35,loeowl,0.05862386152148247,4
835,1:09:35,eueowl1,0.037350572645664215,5
836,1:09:40,tawowl1,0.11226017028093338,1
836,1:09:40,eueowl1,0.0779082179069519,2
836,1:09:40,eurcoo,0.041948337107896805,3
836,1:09:40,brnowl,0.04082254320383072,4
836,1:09:40,watrai1,0.03208352252840996,5
837,1:09:45,eurcoo,0.10209769755601883,1
837,1:09:45,commoo3,0.07458940893411636,2
837,1:09:45,watrai1,0.051513634622097015,3
837,1:09:45,tawowl1,0.05125807970762253,4
837,1:09:45,manshe,0.04028625041246414,5
838,1:09:50,commoo3,0.1264938861131668,1
838,1:09:50,eurcoo,0.06352459639310837,2
838,1:09:50,watrai1,0.04036256670951843,3
838,1:09:50,loeowl,0.039546143263578415,4
838,1:09:50,bargol,0.030203020200133324,5
839,1:09:55,commoo3,0.05756806209683418,1
839,1:09:55,eurcoo,0.03300284594297409,2
839,1:09:55,watrai1,0.028248364105820656,3
839,1:09:55,grefla3,0.01875193603336811,4
839,1:09:55,mutswa,0.015796445310115814,5
840,1:10:00,commoo3,0.10589563101530075,1
840,1:10:00,eurcoo,0.045392658561468124,2
840,1:10:00,watrai1,0.031083060428500175,3
840,1:10:00,tawowl1,0.02867797203361988,4
840,1:10:00,loeowl,0.02832178771495819,5
841,1:10:05,tawowl1,0.04026522487401962,1
841,1:10:05,eurcoo,0.033568523824214935,2
841,1:10:05,eueowl1,0.030685726553201675,3
841,1:10:05,commoo3,0.02812967076897621,4
841,1:10:05,watrai1,0.02572946436703205,5
842,1:10:10,comrav,0.048979826271533966,1
842,1:10:10,tawowl1,0.03415665030479431,2
842,1:10:10,eueowl1,0.03338310867547989,3
842,1:10:10,commoo3,0.029864320531487465,4
842,1:10:10,watrai1,0.02382277324795723,5
843,1:10:15,eueowl1,0.11693643033504486,1
843,1:10:15,loeowl,0.082096166908741,2
843,1:10:15,tawowl1,0.05700451508164406,3
843,1:10:15,commoo3,0.0443941093981266,4
843,1:10:15,eurcoo,0.03394487500190735,5
844,1:10:20,watrai1,0.12518274784088135,1
844,1:10:20,eurcoo,0.07155144959688187,2
844,1:10:20,tawowl1,0.025512229651212692,3
844,1:10:20,loeowl,0.02545640990138054,4
844,1:10:20,commoo3,0.02327839657664299,5
845,1:10:25,watrai1,0.07297603040933609,1
845,1:10:25,tawowl1,0.0690775215625763,2
845,1:10:25,commoo3,0.06175863370299339,3
845,1:10:25,eueowl1,0.056836243718862534,4
845,1:10:25,eurcoo,0.04057254642248154,5
846,1:10:30,watrai1,0.07991372793912888,1
846,1:10:30,eueowl1,0.05166367068886757,2
846,1:10:30,tawowl1,0.048236917704343796,3
846,1:10:30,eurcoo,0.04420348256826401,4
846,1:10:30,commoo3,0.036735668778419495,5
847,1:10:35,commoo3,0.057117003947496414,1
847,1:10:35,watrai1,0.04940119385719299,2
847,1:10:35,eueowl1,0.03435017913579941,3
847,1:10:35,comqua1,0.029409131035208702,4
847,1:10:35,eurcoo,0.028093764558434486,5
848,1:10:40,loeowl,0.06339941918849945,1
848,1:10:40,tawowl1,0.04054505005478859,2
848,1:10:40,watrai1,0.03781964257359505,3
848,1:10:40,brnowl,0.03711096569895744,4
848,1:10:40,wesowl1,0.03610264137387276,5
849,1:10:45,brnowl,0.29589369893074036,1
849,1:10:45,loeowl,0.09110094606876373,2
849,1:10:45,litowl1,0.08815303444862366,3
849,1:10:45,tawowl1,0.05248286575078964,4
849,1:10:45,eueowl1,0.014792392030358315,5
850,1:10:50,mutswa,0.44301310181617737,1
850,1:10:50,brnowl,0.10754361748695374,2
850,1:10:50,litowl1,0.07253140956163406,3
850,1:10:50,whoswa,0.030269555747509003,4
850,1:10:50,commoo3,0.02858782932162285,5
851,1:10:55,brnowl,0.13027094304561615,1
851,1:10:55,loeowl,0.10475202649831772,2
851,1:10:55,tawowl1,0.053555678576231,3
851,1:10:55,eueowl1,0.029509706422686577,4
851,1:10:55,litowl1,0.024345126003026962,5
852,1:11:00,loeowl,0.06892000883817673,1
852,1:11:00,tawowl1,0.06282488256692886,2
852,1:11:00,eurcoo,0.04933053255081177,3
852,1:11:00,watrai1,0.04593433067202568,4
852,1:11:00,eueowl1,0.036686647683382034,5
853,1:11:05,eurcoo,0.09652313590049744,1
853,1:11:05,tawowl1,0.06920980662107468,2
853,1:11:05,loeowl,0.049280229955911636,3
853,1:11:05,commoo3,0.04255983605980873,4
853,1:11:05,watrai1,0.04122522845864296,5
854,1:11:10,wilpta,0.14143405854701996,1
854,1:11:10,manshe,0.09220874309539795,2
854,1:11:10,norsho,0.07453935593366623,3
854,1:11:10,wesowl1,0.059652987867593765,4
854,1:11:10,commoo3,0.05386411026120186,5
855,1:11:15,eueowl1,0.04518730193376541,1
855,1:11:15,watrai1,0.037218790501356125,2
855,1:11:15,loeowl,0.035591647028923035,3
855,1:11:15,commoo3,0.029555078595876694,4
855,1:11:15,eurcoo,0.02694404311478138,5
856,1:11:20,brnowl,0.7694882154464722,1
856,1:11:20,litowl1,0.044195208698511124,2
856,1:11:20,loeowl,0.02226140908896923,3
856,1:11:20,tawowl1,0.01774977333843708,4
856,1:11:20,eueowl1,0.009529102593660355,5
857,1:11:25,tawowl1,0.07776909321546555,1
857,1:11:25,eueowl1,0.05795557051897049,2
857,1:11:25,loeowl,0.05492865666747093,3
857,1:11:25,commoo3,0.037326645106077194,4
857,1:11:25,watrai1,0.03378397226333618,5
858,1:11:30,brnowl,0.0607391819357872,1
858,1:11:30,blawoo1,0.05019218847155571,2
858,1:11:30,tawowl1,0.04624684900045395,3
858,1:11:30,eueowl1,0.033277373760938644,4
858,1:11:30,loeowl,0.03028387390077114,5
859,1:11:35,brnowl,0.07827465981245041,1
859,1:11:35,eueowl1,0.04812363535165787,2
859,1:11:35,tawowl1,0.043161895126104355,3
859,1:11:35,whrswi1,0.024516848847270012,4
859,1:11:35,watrai1,0.021345525979995728,5
860,1:11:40,tawowl1,0.10129779577255249,1
860,1:11:40,eueowl1,0.0904027447104454,2
860,1:11:40,loeowl,0.056055910885334015,3
860,1:11:40,watrai1,0.02832123078405857,4
860,1:11:40,grhowl,0.027441808953881264,5
861,1:11:45,commoo3,0.0744907334446907,1
861,1:11:45,eurcoo,0.0637529268860817,2
861,1:11:45,watrai1,0.06068676337599754,3
861,1:11:45,tawowl1,0.038303591310977936,4
861,1:11:45,litgre1,0.03490880876779556,5
862,1:11:50,brnowl,0.24369081854820251,1
862,1:11:50,litowl1,0.10749087482690811,2
862,1:11:50,loeowl,0.08927666395902634,3
862,1:11:50,eueowl1,0.05752592533826828,4
862,1:11:50,tawowl1,0.04928393289446831,5
863,1:11:55,brnowl,0.11875424534082413,1
863,1:11:55,litowl1,0.07161448895931244,2
863,1:11:55,tawowl1,0.04033348336815834,3
863,1:11:55,blkvul,0.030723491683602333,4
863,1:11:55,eurgre1,0.014565356075763702,5
864,1:12:00,eueowl1,0.10283280164003372,1
864,1:12:00,tawowl1,0.06466071307659149,2
864,1:12:00,loeowl,0.0561702586710453,3
864,1:12:00,brnowl,0.03288446366786957,4
864,1:12:00,rocpig,0.030779970809817314,5
865,1:12:05,brnowl,0.3808380961418152,1
865,1:12:05,tawowl1,0.041636258363723755,2
865,1:12:05,litowl1,0.039765313267707825,3
865,1:12:05,brdowl,0.025479083880782127,4
865,1:12:05,eueowl1,0.01948918029665947,5
866,1:12:10,tawowl1,0.08890935778617859,1
866,1:12:10,brnowl,0.06322214752435684,2
866,1:12:10,winwre4,0.050739504396915436,3
866,1:12:10,litowl1,0.039495959877967834,4
866,1:12:10,commoo3,0.03265459090471268,5
867,1:12:15,tawowl1,0.08988067507743835,1
867,1:12:15,loeowl,0.08527664840221405,2
867,1:12:15,eurcoo,0.03929947689175606,3
867,1:12:15,commoo3,0.035568539053201675,4
867,1:12:15,eurnig1,0.033377617597579956,5
868,1:12:20,tawowl1,0.0886702612042427,1
868,1:12:20,loeowl,0.07062061131000519,2
868,1:12:20,eurcoo,0.06385926902294159,3
868,1:12:20,commoo3,0.04964781925082207,4
868,1:12:20,eueowl1,0.029173409566283226,5
869,1:12:25,tawowl1,0.1886938065290451,1
869,1:12:25,loeowl,0.07831324636936188,2
869,1:12:25,eurcoo,0.04289877042174339,3
869,1:12:25,grebit1,0.0301163699477911,4
869,1:12:25,brnowl,0.028394032269716263,5
870,1:12:30,commoo3,0.06417784094810486,1
870,1:12:30,tawowl1,0.0569443441927433,2
870,1:12:30,eueowl1,0.054715584963560104,3
870,1:12:30,loeowl,0.05345212668180466,4
870,1:12:30,eurcoo,0.04659540578722954,5
871,1:12:35,eurtre1,0.2428334355354309,1
871,1:12:35,goldcr1,0.08581646531820297,2
871,1:12:35,eurrob1,0.07180655747652054,3
871,1:12:35,shttre1,0.06559426337480545,4
871,1:12:35,eurbla,0.03628929331898689,5
872,1:12:40,tawowl1,0.10542966425418854,1
872,1:12:40,eueowl1,0.05665372312068939,2
872,1:12:40,loeowl,0.03626944497227669,3
872,1:12:40,eurcoo,0.03182784095406532,4
872,1:12:40,commoo3,0.02943594753742218,5
873,1:12:45,tawowl1,0.06829380989074707,1
873,1:12:45,loeowl,0.04155879095196724,2
873,1:12:45,commoo3,0.03865407407283783,3
873,1:12:45,eueowl1,0.03805616870522499,4
873,1:12:45,eurcoo,0.025634627789258957,5
874,1:12:50,tawowl1,0.06519994139671326,1
874,1:12:50,loeowl,0.061351049691438675,2
874,1:12:50,eurcoo,0.048345740884542465,3
874,1:12:50,commoo3,0.047456998378038406,4
874,1:12:50,watrai1,0.04383700340986252,5
875,1:12:55,tawowl1,0.10188931971788406,1
875,1:12:55,commoo3,0.04679816961288452,2
875,1:12:55,loeowl,0.032899025827646255,3
875,1:12:55,eueowl1,0.029399549588561058,4
875,1:12:55,eurcoo,0.028064319863915443,5
876,1:13:00,brnowl,0.3585173189640045,1
876,1:13:00,tawowl1,0.09166271239519119,2
876,1:13:00,loeowl,0.0716988667845726,3
876,1:13:00,eurjay1,0.05407949537038803,4
876,1:13:00,eueowl1,0.019601861014962196,5
877,1:13:05,tawowl1,0.08407436311244965,1
877,1:13:05,loeowl,0.06482268869876862,2
877,1:13:05,eueowl1,0.036837439984083176,3
877,1:13:05,commoo3,0.028389383107423782,4
877,1:13:05,eurcoo,0.02111266553401947,5
878,1:13:10,tawowl1,0.09309794008731842,1
878,1:13:10,loeowl,0.06252468377351761,2
878,1:13:10,commoo3,0.04482879862189293,3
878,1:13:10,eurcoo,0.03790098428726196,4
878,1:13:10,eueowl1,0.030659524723887444,5
879,1:13:15,tawowl1,0.07975133508443832,1
879,1:13:15,loeowl,0.06119127944111824,2
879,1:13:15,eueowl1,0.03260812535881996,3
879,1:13:15,grebit1,0.028951039537787437,4
879,1:13:15,eurnig1,0.026733389124274254,5
880,1:13:20,tawowl1,0.08152640610933304,1
880,1:13:20,loeowl,0.05172014236450195,2
880,1:13:20,eueowl1,0.05031288042664528,3
880,1:13:20,eurcoo,0.029771870002150536,4
880,1:13:20,commoo3,0.026866141706705093,5
881,1:13:25,brnowl,0.4053110182285309,1
881,1:13:25,litowl1,0.0432315431535244,2
881,1:13:25,tawowl1,0.04303247854113579,3
881,1:13:25,eueowl1,0.04156012833118439,4
881,1:13:25,loeowl,0.021902434527873993,5
882,1:13:30,tawowl1,0.08113232254981995,1
882,1:13:30,loeowl,0.0719747543334961,2
882,1:13:30,eueowl1,0.042739756405353546,3
882,1:13:30,eurcoo,0.03670796379446983,4
882,1:13:30,commoo3,0.03263245150446892,5
883,1:13:35,tawowl1,0.10538490116596222,1
883,1:13:35,eueowl1,0.06415123492479324,2
883,1:13:35,loeowl,0.054051224142313004,3
883,1:13:35,commoo3,0.04578011482954025,4
883,1:13:35,comqua1,0.03790146857500076,5
884,1:13:40,tawowl1,0.07987697422504425,1
884,1:13:40,loeowl,0.03794461116194725,2
884,1:13:40,eurcoo,0.03275701403617859,3
884,1:13:40,eueowl1,0.030560417100787163,4
884,1:13:40,commoo3,0.030162394046783447,5
885,1:13:45,tawowl1,0.046649981290102005,1
885,1:13:45,commoo3,0.028117477893829346,2
885,1:13:45,eueowl1,0.02717706374824047,3
885,1:13:45,eurcoo,0.02086838148534298,4
885,1:13:45,eurbla,0.020634561777114868,5
886,1:13:50,litowl1,0.13181646168231964,1
886,1:13:50,brnowl,0.12565365433692932,2
886,1:13:50,tawowl1,0.07359913736581802,3
886,1:13:50,eueowl1,0.02412792108952999,4
886,1:13:50,loeowl,0.01899263821542263,5
887,1:13:55,tawowl1,0.0689595639705658,1
887,1:13:55,eueowl1,0.0355820469558239,2
887,1:13:55,watrai1,0.02743626944720745,3
887,1:13:55,loeowl,0.025168798863887787,4
887,1:13:55,commoo3,0.024186184629797935,5
888,1:14:00,tawowl1,0.0959104374051094,1
888,1:14:00,eueowl1,0.06369614601135254,2
888,1:14:00,loeowl,0.04608912020921707,3
888,1:14:00,eurcoo,0.030544918030500412,4
888,1:14:00,commoo3,0.03030392713844776,5
889,1:14:05,tawowl1,0.10601861029863358,1
889,1:14:05,loeowl,0.07786852866411209,2
889,1:14:05,eueowl1,0.057329773902893066,3
889,1:14:05,commoo3,0.04033202677965164,4
889,1:14:05,comqua1,0.03858495503664017,5
890,1:14:10,tawowl1,0.12151126563549042,1
890,1:14:10,eurcoo,0.04863959550857544,2
890,1:14:10,commoo3,0.04419741779565811,3
890,1:14:10,loeowl,0.03603978455066681,4
890,1:14:10,watrai1,0.03216157108545303,5
891,1:14:15,tawowl1,0.10433019697666168,1
891,1:14:15,loeowl,0.03995833173394203,2
891,1:14:15,eueowl1,0.037662237882614136,3
891,1:14:15,grebit1,0.029711289331316948,4
891,1:14:15,eurcoo,0.029526492580771446,5
892,1:14:20,tawowl1,0.10538662225008011,1
892,1:14:20,loeowl,0.06469136476516724,2
892,1:14:20,commoo3,0.04241444543004036,3
892,1:14:20,eurcoo,0.042016077786684036,4
892,1:14:20,eueowl1,0.037676360458135605,5
893,1:14:25,tawowl1,0.08177481591701508,1
893,1:14:25,eurcoo,0.0609549842774868,2
893,1:14:25,commoo3,0.040787991136312485,3
893,1:14:25,eueowl1,0.037177231162786484,4
893,1:14:25,grebit1,0.03712359815835953,5
894,1:14:30,tawowl1,0.11085593700408936,1
894,1:14:30,eurcoo,0.04974863678216934,2
894,1:14:30,eueowl1,0.04647728428244591,3
894,1:14:30,commoo3,0.04388507083058357,4
894,1:14:30,loeowl,0.04123251885175705,5
895,1:14:35,tawowl1,0.12181404232978821,1
895,1:14:35,eueowl1,0.0515032559633255,2
895,1:14:35,eurcoo,0.04261363670229912,3
895,1:14:35,commoo3,0.03664291277527809,4
895,1:14:35,loeowl,0.035857800394296646,5
896,1:14:40,tawowl1,0.12253876775503159,1
896,1:14:40,loeowl,0.04705285280942917,2
896,1:14:40,eueowl1,0.04296599701046944,3
896,1:14:40,eurcoo,0.04170287027955055,4
896,1:14:40,sonthr1,0.03916366025805473,5
897,1:14:45,tawowl1,0.11176785081624985,1
897,1:14:45,grebit1,0.06868472695350647,2
897,1:14:45,eurcoo,0.0559060163795948,3
897,1:14:45,loeowl,0.03633996099233627,4
897,1:14:45,eueowl1,0.03618631511926651,5
898,1:14:50,eurnig1,0.13276159763336182,1
898,1:14:50,grebit1,0.06443756818771362,2
898,1:14:50,tawowl1,0.048993583768606186,3
898,1:14:50,commoo3,0.04775730147957802,4
898,1:14:50,eurcoo,0.03504260256886482,5
899,1:14:55,tawowl1,0.08514392375946045,1
899,1:14:55,loeowl,0.053488634526729584,2
899,1:14:55,grebit1,0.041420187801122665,3
899,1:14:55,commoo3,0.03935214877128601,4
899,1:14:55,eueowl1,0.035621363669633865,5
900,1:15:00,eurcoo,0.10489610582590103,1
900,1:15:00,commoo3,0.07822747528553009,2
900,1:15:00,tawowl1,0.051990002393722534,3
900,1:15:00,eurnig1,0.048037298023700714,4
900,1:15:00,watrai1,0.04203958436846733,5
901,1:15:05,eurrob1,0.09751266241073608,1
901,1:15:05,tawowl1,0.07233932614326477,2
901,1:15:05,hawfin,0.050444893538951874,3
901,1:15:05,eueowl1,0.02664756216108799,4
901,1:15:05,eurcoo,0.026156296953558922,5
902,1:15:10,tawowl1,0.11000265181064606,1
902,1:15:10,eueowl1,0.05392387509346008,2
902,1:15:10,brnowl,0.04447318986058235,3
902,1:15:10,loeowl,0.04031338915228844,4
902,1:15:10,litowl1,0.03287867456674576,5
903,1:15:15,tawowl1,0.036460164934396744,1
903,1:15:15,loeowl,0.02948402240872383,2
903,1:15:15,comcra,0.02497708424925804,3
903,1:15:15,watrai1,0.024483922868967056,4
903,1:15:15,shtgro,0.0233297161757946,5
904,1:15:20,loeowl,0.08006425201892853,1
904,1:15:20,brnowl,0.04451507329940796,2
904,1:15:20,tawowl1,0.04400092735886574,3
904,1:15:20,grhowl2,0.026254022493958473,4
904,1:15:20,eueowl1,0.024291077628731728,5
905,1:15:25,tawowl1,0.05598175898194313,1
905,1:15:25,loeowl,0.04546128958463669,2
905,1:15:25,eueowl1,0.042412616312503815,3
905,1:15:25,commoo3,0.03054775856435299,4
905,1:15:25,watrai1,0.027306940406560898,5
906,1:15:30,commoo3,0.07242119312286377,1
906,1:15:30,tawowl1,0.06809330731630325,2
906,1:15:30,comqua1,0.04290115833282471,3
906,1:15:30,loeowl,0.04162650182843208,4
906,1:15:30,grebit1,0.03362249955534935,5
907,1:15:35,eurnig1,0.13382673263549805,1
907,1:15:35,tawowl1,0.11390513181686401,2
907,1:15:35,loeowl,0.03732313588261604,3
907,1:15:35,commoo3,0.03711799159646034,4
907,1:15:35,eueowl1,0.03280554711818695,5
908,1:15:40,tawowl1,0.06937272101640701,1
908,1:15:40,loeowl,0.06831579655408859,2
908,1:15:40,eurcoo,0.06700865179300308,3
908,1:15:40,commoo3,0.04851523041725159,4
908,1:15:40,eueowl1,0.03847845271229744,5
909,1:15:45,eurcoo,0.07432311773300171,1
909,1:15:45,tawowl1,0.061111174523830414,2
909,1:15:45,commoo3,0.04970034956932068,3
909,1:15:45,loeowl,0.048767317086458206,4
909,1:15:45,eurnig1,0.035878248512744904,5
910,1:15:50,eurtre1,0.35036206245422363,1
910,1:15:50,eurrob1,0.0894397422671318,2
910,1:15:50,loeowl,0.04754876717925072,3
910,1:15:50,eurbla,0.04289363697171211,4
910,1:15:50,shttre1,0.0329812690615654,5
911,1:15:55,brnowl,0.12036389857530594,1
911,1:15:55,loeowl,0.0710977092385292,2
911,1:15:55,eurjay1,0.052394650876522064,3
911,1:15:55,eueowl1,0.050840191543102264,4
911,1:15:55,tawowl1,0.03492770344018936,5
912,1:16:00,tawowl1,0.1771448850631714,1
912,1:16:00,eurcoo,0.07828284800052643,2
912,1:16:00,watrai1,0.042345818132162094,3
912,1:16:00,eueowl1,0.03929554671049118,4
912,1:16:00,commoo3,0.035397786647081375,5
913,1:16:05,tawowl1,0.06351926922798157,1
913,1:16:05,watrai1,0.047205131500959396,2
913,1:16:05,eueowl1,0.04517142102122307,3
913,1:16:05,eurcoo,0.04085581377148628,4
913,1:16:05,ortbun1,0.029391992837190628,5
914,1:16:10,commoo3,0.07538313418626785,1
914,1:16:10,blawoo1,0.06020297110080719,2
914,1:16:10,nswowl,0.0442039854824543,3
914,1:16:10,watrai1,0.043550074100494385,4
914,1:16:10,eurcoo,0.041696786880493164,5
915,1:16:15,tawowl1,0.048871755599975586,1
915,1:16:15,eueowl1,0.040483202785253525,2
915,1:16:15,eurcoo,0.02779853343963623,3
915,1:16:15,watrai1,0.025795189663767815,4
915,1:16:15,loeowl,0.025650853291153908,5
916,1:16:20,tawowl1,0.13137131929397583,1
916,1:16:20,eueowl1,0.05220223590731621,2
916,1:16:20,commoo3,0.05048108473420143,3
916,1:16:20,eurnig1,0.04189852252602577,4
916,1:16:20,loeowl,0.04063033685088158,5
917,1:16:25,brnowl,0.20029687881469727,1
917,1:16:25,eurnig1,0.13718333840370178,2
917,1:16:25,watrai1,0.05359064042568207,3
917,1:16:25,commoo3,0.03933437541127205,4
917,1:16:25,ortbun1,0.037135206162929535,5
918,1:16:30,eurcoo,0.056029144674539566,1
918,1:16:30,comqua1,0.04002603515982628,2
918,1:16:30,tawowl1,0.03669508919119835,3
918,1:16:30,commoo3,0.03343725576996803,4
918,1:16:30,watrai1,0.03219209611415863,5
919,1:16:35,tawowl1,0.05193633958697319,1
919,1:16:35,commoo3,0.050963614135980606,2
919,1:16:35,watrai1,0.04981563240289688,3
919,1:16:35,eurcoo,0.042851466685533524,4
919,1:16:35,loeowl,0.036150358617305756,5
920,1:16:40,eueowl1,0.04398168623447418,1
920,1:16:40,tawowl1,0.0406620129942894,2
920,1:16:40,watrai1,0.030678298324346542,3
920,1:16:40,brnowl,0.02550813928246498,4
920,1:16:40,ortbun1,0.02088780328631401,5
921,1:16:45,brnowl,0.313762366771698,1
921,1:16:45,litowl1,0.02814555913209915,2
921,1:16:45,eueowl1,0.028082123026251793,3
921,1:16:45,barowl28,0.02307853102684021,4
921,1:16:45,tawowl1,0.0167130995541811,5
922,1:16:50,tawowl1,0.17654980719089508,1
922,1:16:50,wesowl1,0.02846347540616989,2
922,1:16:50,brnowl,0.02260441891849041,3
922,1:16:50,eueowl1,0.02234586514532566,4
922,1:16:50,eurcoo,0.022021546959877014,5
923,1:16:55,loeowl,0.0992276519536972,1
923,1:16:55,eueowl1,0.05178171396255493,2
923,1:16:55,tawowl1,0.03814531862735748,3
923,1:16:55,grhowl,0.036837853491306305,4
923,1:16:55,litbit1,0.031123466789722443,5
924,1:17:00,loeowl,0.08548690378665924,1
924,1:17:00,tawowl1,0.06375124305486679,2
924,1:17:00,eueowl1,0.048160698264837265,3
924,1:17:00,commoo3,0.039694949984550476,4
924,1:17:00,eurcoo,0.036380767822265625,5
925,1:17:05,tawowl1,0.06154724583029747,1
925,1:17:05,commoo3,0.052590906620025635,2
925,1:17:05,loeowl,0.0440717451274395,3
925,1:17:05,eurcoo,0.042108118534088135,4
925,1:17:05,eurnig1,0.03377362713217735,5
926,1:17:10,tawowl1,0.14061576128005981,1
926,1:17:10,eurcoo,0.04796997457742691,2
926,1:17:10,commoo3,0.03579266369342804,3
926,1:17:10,eueowl1,0.03158394619822502,4
926,1:17:10,loeowl,0.026315977796912193,5
927,1:17:15,tawowl1,0.07842417061328888,1
927,1:17:15,grebit1,0.061492014676332474,2
927,1:17:15,eueowl1,0.04665898531675339,3
927,1:17:15,watrai1,0.030309174209833145,4
927,1:17:15,brnowl,0.027489550411701202,5
928,1:17:20,tawowl1,0.0772658959031105,1
928,1:17:20,eueowl1,0.06338658183813095,2
928,1:17:20,loeowl,0.05509345233440399,3
928,1:17:20,eurcoo,0.04471902921795845,4
928,1:17:20,brnowl,0.03700650855898857,5
929,1:17:25,brnowl,0.25270286202430725,1
929,1:17:25,waldra1,0.043917737901210785,2
929,1:17:25,eueowl1,0.03573209419846535,3
929,1:17:25,watrai1,0.026847129687666893,4
929,1:17:25,tawowl1,0.02107403613626957,5
930,1:17:30,eueowl1,0.058954205363988876,1
930,1:17:30,commoo3,0.05411549285054207,2
930,1:17:30,watrai1,0.05129656195640564,3
930,1:17:30,eurcoo,0.044946346431970596,4
930,1:17:30,ortbun1,0.043988294899463654,5
931,1:17:35,tawowl1,0.05847041308879852,1
931,1:17:35,eueowl1,0.04671653360128403,2
931,1:17:35,loeowl,0.04451249912381172,3
931,1:17:35,commoo3,0.042194489389657974,4
931,1:17:35,eurcoo,0.040315352380275726,5
932,1:17:40,eurrob1,0.07927758246660233,1
932,1:17:40,tawowl1,0.062065593898296356,2
932,1:17:40,goldcr1,0.049173276871442795,3
932,1:17:40,hawfin,0.032915495336055756,4
932,1:17:40,coatit2,0.02070794254541397,5
933,1:17:45,tawowl1,0.056859880685806274,1
933,1:17:45,watrai1,0.0391564667224884,2
933,1:17:45,eurcoo,0.03865200653672218,3
933,1:17:45,eueowl1,0.03314003720879555,4
933,1:17:45,commoo3,0.023625396192073822,5
934,1:17:50,tawowl1,0.06715692579746246,1
934,1:17:50,eueowl1,0.05027083307504654,2
934,1:17:50,brnowl,0.043035175651311874,3
934,1:17:50,grebit1,0.03032577969133854,4
934,1:17:50,commoo3,0.025056298822164536,5
935,1:17:55,waldra1,0.07831414043903351,1
935,1:17:55,shtgro,0.06603343039751053,2
935,1:17:55,eurcoo,0.04172910749912262,3
935,1:17:55,watrai1,0.03215084969997406,4
935,1:17:55,tawowl1,0.02827642671763897,5
936,1:18:00,tawowl1,0.06269842386245728,1
936,1:18:00,brnowl,0.041701558977365494,2
936,1:18:00,eueowl1,0.03498702496290207,3
936,1:18:00,watrai1,0.028053395450115204,4
936,1:18:00,loeowl,0.021669814363121986,5
937,1:18:05,whtspa,0.017351949587464333,1
937,1:18:05,whrswi1,0.017317138612270355,2
937,1:18:05,eurgre1,0.015664029866456985,3
937,1:18:05,eurbla,0.01291471254080534,4
937,1:18:05,ortbun1,0.0128220459446311,5
938,1:18:10,tawowl1,0.07704740017652512,1
938,1:18:10,brnowl,0.06392250210046768,2
938,1:18:10,eurjay1,0.04101704806089401,3
938,1:18:10,eueowl1,0.0305697713047266,4
938,1:18:10,loeowl,0.02067592926323414,5
939,1:18:15,eurjay1,0.07115312665700912,1
939,1:18:15,eueowl1,0.05761445686221123,2
939,1:18:15,tawowl1,0.056157711893320084,3
939,1:18:15,brnowl,0.042249735444784164,4
939,1:18:15,loeowl,0.03537170961499214,5
940,1:18:20,grnsan,0.13644132018089294,1
940,1:18:20,woosan,0.025490526109933853,2
940,1:18:20,ortbun1,0.02235749177634716,3
940,1:18:20,eurrob1,0.021491680294275284,4
940,1:18:20,dunlin,0.018448356539011,5
941,1:18:25,tawowl1,0.06361647695302963,1
941,1:18:25,eueowl1,0.05951574817299843,2
941,1:18:25,watrai1,0.05442047864198685,3
941,1:18:25,commoo3,0.041175972670316696,4
941,1:18:25,loeowl,0.03869614377617836,5
942,1:18:30,eurrob1,0.05748657137155533,1
942,1:18:30,loeowl,0.037277862429618835,2
942,1:18:30,eueowl1,0.034995581954717636,3
942,1:18:30,tawowl1,0.030483899638056755,4
942,1:18:30,commoo3,0.027898889034986496,5
943,1:18:35,shttre1,0.06730751693248749,1
943,1:18:35,eurrob1,0.038720522075891495,2
943,1:18:35,comrav,0.033232130110263824,3
943,1:18:35,eurbla,0.02281137928366661,4
943,1:18:35,loeowl,0.020550305023789406,5
944,1:18:40,tawowl1,0.0256899893283844,1
944,1:18:40,loeowl,0.0248552318662405,2
944,1:18:40,commoo3,0.01945572905242443,3
944,1:18:40,eueowl1,0.018290968611836433,4
944,1:18:40,eurcoo,0.01803096942603588,5
945,1:18:45,tawowl1,0.0443335697054863,1
945,1:18:45,eueowl1,0.02893069200217724,2
945,1:18:45,ortbun1,0.017728397622704506,3
945,1:18:45,watrai1,0.017393404617905617,4
945,1:18:45,eurrob1,0.014537956565618515,5
946,1:18:50,brnowl,0.42641088366508484,1
946,1:18:50,loeowl,0.044982291758060455,2
946,1:18:50,eueowl1,0.03709230199456215,3
946,1:18:50,litowl1,0.02411625348031521,4
946,1:18:50,tawowl1,0.017477484419941902,5
947,1:18:55,brnowl,0.2966504991054535,1
947,1:18:55,tawowl1,0.06474820524454117,2
947,1:18:55,loeowl,0.037761934101581573,3
947,1:18:55,litowl1,0.028814442455768585,4
947,1:18:55,eueowl1,0.025002500042319298,5
948,1:19:00,eurrob1,0.20506766438484192,1
948,1:19:00,eurtre1,0.05853655934333801,2
948,1:19:00,spofly1,0.04591517895460129,3
948,1:19:00,shttre1,0.043670278042554855,4
948,1:19:00,winwre4,0.02062269300222397,5
949,1:19:05,commoo3,0.048084575682878494,1
949,1:19:05,tawowl1,0.04627825319766998,2
949,1:19:05,eueowl1,0.04493150860071182,3
949,1:19:05,eurnig1,0.04460608959197998,4
949,1:19:05,watrai1,0.037416014820337296,5
950,1:19:10,eurrob1,0.15730206668376923,1
950,1:19:10,commoo3,0.027522072196006775,2
950,1:19:10,rinphe,0.02591588906943798,3
950,1:19:10,blagro1,0.025545427575707436,4
950,1:19:10,tawowl1,0.019315611571073532,5
951,1:19:15,eurtre1,0.2643793523311615,1
951,1:19:15,eurrob1,0.05362838879227638,2
951,1:19:15,shttre1,0.05147484689950943,3
951,1:19:15,goldcr1,0.05065707489848137,4
951,1:19:15,redwin,0.04141731932759285,5
952,1:19:20,eueowl1,0.06325657665729523,1
952,1:19:20,tawowl1,0.050693124532699585,2
952,1:19:20,watrai1,0.03889244794845581,3
952,1:19:20,commoo3,0.034769847989082336,4
952,1:19:20,eurnig1,0.03256608173251152,5
953,1:19:25,brnowl,0.660064697265625,1
953,1:19:25,loeowl,0.055647850036621094,2
953,1:19:25,eurjay1,0.04916555434465408,3
953,1:19:25,tawowl1,0.036417122930288315,4
953,1:19:25,litowl1,0.031084353104233742,5
954,1:19:30,commoo3,0.08529816567897797,1
954,1:19:30,tawowl1,0.06580747663974762,2
954,1:19:30,eueowl1,0.059208884835243225,3
954,1:19:30,eurcoo,0.05917428433895111,4
954,1:19:30,watrai1,0.04877694696187973,5
955,1:19:35,brnowl,0.28431436419487,1
955,1:19:35,eurnut1,0.04069558158516884,2
955,1:19:35,tawowl1,0.03371935337781906,3
955,1:19:35,litowl1,0.02255816012620926,4
955,1:19:35,loeowl,0.021688880398869514,5
956,1:19:40,brnowl,0.15626920759677887,1
956,1:19:40,loeowl,0.0735129565000534,2
956,1:19:40,tawowl1,0.06535584479570389,3
956,1:19:40,eueowl1,0.06243984401226044,4
956,1:19:40,commoo3,0.02293318510055542,5
957,1:19:45,eueowl1,0.05046581104397774,1
957,1:19:45,tawowl1,0.043890345841646194,2
957,1:19:45,rinphe,0.027565203607082367,3
957,1:19:45,commoo3,0.024700436741113663,4
957,1:19:45,eurrob1,0.02465488575398922,5
958,1:19:50,tawowl1,0.08215451240539551,1
958,1:19:50,comrav,0.08053380995988846,2
958,1:19:50,eueowl1,0.0376652367413044,3
958,1:19:50,loeowl,0.027706732973456383,4
958,1:19:50,shtgro,0.02764209918677807,5
959,1:19:55,bargol,0.17790551483631134,1
959,1:19:55,wilpta,0.09565632045269012,2
959,1:19:55,norsho,0.09029066562652588,3
959,1:19:55,commoo3,0.04789936542510986,4
959,1:19:55,jacsni,0.038595493882894516,5
960,1:20:00,commoo3,0.07300879061222076,1
960,1:20:00,eurcoo,0.06435839086771011,2
960,1:20:00,tawowl1,0.05565441772341728,3
960,1:20:00,loeowl,0.04902201518416405,4
960,1:20:00,eueowl1,0.03222265839576721,5
961,1:20:05,tawowl1,0.06397078931331635,1
961,1:20:05,eueowl1,0.054033711552619934,2
961,1:20:05,watrai1,0.04076000303030014,3
961,1:20:05,eurcoo,0.04052557423710823,4
961,1:20:05,loeowl,0.03824099153280258,5
962,1:20:10,eurcoo,0.09277814626693726,1
962,1:20:10,tawowl1,0.06432420015335083,2
962,1:20:10,eueowl1,0.05474395304918289,3
962,1:20:10,commoo3,0.049865253269672394,4
962,1:20:10,loeowl,0.04597530886530876,5
963,1:20:15,eueowl1,0.058679815381765366,1
963,1:20:15,tawowl1,0.05813073366880417,2
963,1:20:15,commoo3,0.04197658598423004,3
963,1:20:15,comrav,0.04152846336364746,4
963,1:20:15,watrai1,0.03872467204928398,5
964,1:20:20,tawowl1,0.09812257438898087,1
964,1:20:20,eueowl1,0.04721176251769066,2
964,1:20:20,loeowl,0.04053207114338875,3
964,1:20:20,commoo3,0.03817737475037575,4
964,1:20:20,eurcoo,0.03245643898844719,5
965,1:20:25,brnowl,0.04155285656452179,1
965,1:20:25,tawowl1,0.04031418263912201,2
965,1:20:25,eueowl1,0.034653279930353165,3
965,1:20:25,loeowl,0.029470840469002724,4
965,1:20:25,eurcoo,0.018923288211226463,5
966,1:20:30,tawowl1,0.10802950710058212,1
966,1:20:30,litowl1,0.07407677173614502,2
966,1:20:30,eurjay1,0.061155084520578384,3
966,1:20:30,brnowl,0.05006677657365799,4
966,1:20:30,eueowl1,0.033992670476436615,5
967,1:20:35,litowl1,0.1686423122882843,1
967,1:20:35,brnowl,0.12352031469345093,2
967,1:20:35,tawowl1,0.03238138183951378,3
967,1:20:35,eueowl1,0.018662618473172188,4
967,1:20:35,winwre4,0.017420433461666107,5
968,1:20:40,tawowl1,0.07609529048204422,1
968,1:20:40,grebit1,0.03471268713474274,2
968,1:20:40,whtspa,0.026586437597870827,3
968,1:20:40,loeowl,0.026073848828673363,4
968,1:20:40,eueowl1,0.022848304361104965,5
969,1:20:45,tawowl1,0.05746476352214813,1
969,1:20:45,eueowl1,0.04805060848593712,2
969,1:20:45,loeowl,0.03386203572154045,3
969,1:20:45,brnowl,0.02680976875126362,4
969,1:20:45,watrai1,0.02431309036910534,5
970,1:20:50,commoo3,0.1854417324066162,1
970,1:20:50,tawowl1,0.08074460178613663,2
970,1:20:50,eueowl1,0.045952070504426956,3
970,1:20:50,loeowl,0.03614189475774765,4
970,1:20:50,watrai1,0.027492007240653038,5
971,1:20:55,loeowl,0.05129053071141243,1
971,1:20:55,tawowl1,0.041893232613801956,2
971,1:20:55,eueowl1,0.03877202793955803,3
971,1:20:55,brnowl,0.03375816345214844,4
971,1:20:55,watrai1,0.030706539750099182,5
972,1:21:00,eueowl1,0.07421627640724182,1
972,1:21:00,tawowl1,0.06576445698738098,2
972,1:21:00,commoo3,0.04246308654546738,3
972,1:21:00,eurcoo,0.031593598425388336,4
972,1:21:00,loeowl,0.029577789828181267,5
973,1:21:05,loeowl,0.05540580302476883,1
973,1:21:05,eueowl1,0.042323119938373566,2
973,1:21:05,tawowl1,0.04060777649283409,3
973,1:21:05,eurrob1,0.03665917366743088,4
973,1:21:05,watrai1,0.029021622613072395,5
974,1:21:10,brnowl,0.1865251660346985,1
974,1:21:10,tawowl1,0.04500282555818558,2
974,1:21:10,eurjay1,0.023637566715478897,3
974,1:21:10,eueowl1,0.02107902802526951,4
974,1:21:10,loeowl,0.01780475117266178,5
975,1:21:15,brnowl,0.11142797023057938,1
975,1:21:15,tawowl1,0.042356643825769424,2
975,1:21:15,eueowl1,0.02896641567349434,3
975,1:21:15,loeowl,0.02219502441585064,4
975,1:21:15,redwin,0.01592233218252659,5
976,1:21:20,brnowl,0.12340813875198364,1
976,1:21:20,loeowl,0.0340171679854393,2
976,1:21:20,eueowl1,0.028334850445389748,3
976,1:21:20,tawowl1,0.022657765075564384,4
976,1:21:20,brdowl,0.020996084436774254,5
977,1:21:25,brnowl,0.39755186438560486,1
977,1:21:25,eueowl1,0.07479704171419144,2
977,1:21:25,litowl1,0.059067562222480774,3
977,1:21:25,loeowl,0.057521454989910126,4
977,1:21:25,tawowl1,0.04393565282225609,5
978,1:21:30,eueowl1,0.08477436006069183,1
978,1:21:30,loeowl,0.08063651621341705,2
978,1:21:30,tawowl1,0.050662823021411896,3
978,1:21:30,grhowl,0.03785872831940651,4
978,1:21:30,eurcoo,0.03156697377562523,5
979,1:21:35,commoo3,0.10041796416044235,1
979,1:21:35,grecor,0.07098551839590073,2
979,1:21:35,watrai1,0.04260682314634323,3
979,1:21:35,tawowl1,0.024688009172677994,4
979,1:21:35,eurcoo,0.019859859719872475,5
980,1:21:40,whimbr,0.1151466816663742,1
980,1:21:40,commoo3,0.07954197376966476,2
980,1:21:40,grefla3,0.051137953996658325,3
980,1:21:40,eurcur,0.041216347366571426,4
980,1:21:40,eurcoo,0.032882433384656906,5
981,1:21:45,loeowl,0.05541175231337547,1
981,1:21:45,eueowl1,0.04401535168290138,2
981,1:21:45,commoo3,0.04173647612333298,3
981,1:21:45,tawowl1,0.04075905680656433,4
981,1:21:45,blawoo1,0.03826026991009712,5
982,1:21:50,tawowl1,0.061308760195970535,1
982,1:21:50,eueowl1,0.056566912680864334,2
982,1:21:50,loeowl,0.05340361222624779,3
982,1:21:50,watrai1,0.02986307442188263,4
982,1:21:50,ortbun1,0.02641044184565544,5
983,1:21:55,tawowl1,0.07696067541837692,1
983,1:21:55,loeowl,0.047433387488126755,2
983,1:21:55,eueowl1,0.042138438671827316,3
983,1:21:55,eurnig1,0.03165484219789505,4
983,1:21:55,brnowl,0.02638150192797184,5
984,1:22:00,tawowl1,0.08636319637298584,1
984,1:22:00,eueowl1,0.07532832026481628,2
984,1:22:00,loeowl,0.05358099564909935,3
984,1:22:00,watrai1,0.039247144013643265,4
984,1:22:00,commoo3,0.03756691887974739,5
985,1:22:05,eurcoo,0.05068749561905861,1
985,1:22:05,commoo3,0.04965900629758835,2
985,1:22:05,tawowl1,0.04851691797375679,3
985,1:22:05,eueowl1,0.03800616413354874,4
985,1:22:05,comqua1,0.036162279546260834,5
986,1:22:10,commoo3,0.06984897702932358,1
986,1:22:10,tawowl1,0.0658518448472023,2
986,1:22:10,eurcoo,0.06517239660024643,3
986,1:22:10,loeowl,0.03999762237071991,4
986,1:22:10,eurnig1,0.037956733256578445,5
987,1:22:15,tawowl1,0.09333658963441849,1
987,1:22:15,eurcoo,0.05852936580777168,2
987,1:22:15,commoo3,0.052354682236909866,3
987,1:22:15,loeowl,0.0421781912446022,4
987,1:22:15,eurnig1,0.042172640562057495,5
988,1:22:20,tawowl1,0.08193320780992508,1
988,1:22:20,loeowl,0.053468361496925354,2
988,1:22:20,commoo3,0.04634499549865723,3
988,1:22:20,eurnig1,0.04631492868065834,4
988,1:22:20,eurcoo,0.044096436351537704,5
989,1:22:25,firecr1,0.0940137580037117,1
989,1:22:25,eurrob1,0.08648993819952011,2
989,1:22:25,goldcr1,0.084508515894413,3
989,1:22:25,shttre1,0.06886062026023865,4
989,1:22:25,eurtre1,0.05171506106853485,5
990,1:22:30,watrai1,0.07571876049041748,1
990,1:22:30,eurnig1,0.05553363263607025,2
990,1:22:30,brnowl,0.04352109879255295,3
990,1:22:30,tawowl1,0.034366123378276825,4
990,1:22:30,commoo3,0.03263535723090172,5
991,1:22:35,eueowl1,0.11879528313875198,1
991,1:22:35,tawowl1,0.07042408734560013,2
991,1:22:35,grebit1,0.0447542779147625,3
991,1:22:35,watrai1,0.031966302543878555,4
991,1:22:35,commoo3,0.029908383265137672,5
992,1:22:40,tawowl1,0.06990237534046173,1
992,1:22:40,grebit1,0.048630211502313614,2
992,1:22:40,eueowl1,0.04628518596291542,3
992,1:22:40,commoo3,0.042312219738960266,4
992,1:22:40,watrai1,0.03741931915283203,5
993,1:22:45,commoo3,0.059579264372587204,1
993,1:22:45,tawowl1,0.05647207051515579,2
993,1:22:45,watrai1,0.04596604406833649,3
993,1:22:45,eueowl1,0.04458007216453552,4
993,1:22:45,spocra1,0.03837203606963158,5
994,1:22:50,tawowl1,0.0842171311378479,1
994,1:22:50,grebit1,0.06590496003627777,2
994,1:22:50,eurcoo,0.04593956843018532,3
994,1:22:50,eueowl1,0.04501570761203766,4
994,1:22:50,loeowl,0.03650049865245819,5
995,1:22:55,tawowl1,0.05566122382879257,1
995,1:22:55,commoo3,0.03232257440686226,2
995,1:22:55,eueowl1,0.03226601332426071,3
995,1:22:55,eurcoo,0.02418392151594162,4
995,1:22:55,brnowl,0.02341494895517826,5
996,1:23:00,spofly1,0.04510113224387169,1
996,1:23:00,eueowl1,0.043554503470659256,2
996,1:23:00,tawowl1,0.038142453879117966,3
996,1:23:00,loeowl,0.03639671951532364,4
996,1:23:00,comrav,0.01912725903093815,5
997,1:23:05,loeowl,0.12872938811779022,1
997,1:23:05,eueowl1,0.08884568512439728,2
997,1:23:05,tawowl1,0.06903484463691711,3
997,1:23:05,watrai1,0.06051209196448326,4
997,1:23:05,eurcoo,0.03376263752579689,5
998,1:23:10,loeowl,0.09032399952411652,1
998,1:23:10,eueowl1,0.0863880142569542,2
998,1:23:10,commoo3,0.04493140056729317,3
998,1:23:10,tawowl1,0.04024115577340126,4
998,1:23:10,watrai1,0.03503379970788956,5
999,1:23:15,brnowl,0.3099539875984192,1
999,1:23:15,tawowl1,0.04366880655288696,2
999,1:23:15,brdowl,0.03652920201420784,3
999,1:23:15,ortbun1,0.023500632494688034,4
999,1:23:15,litowl1,0.023259062319993973,5
1000,1:23:20,brnowl,0.0723775178194046,1
1000,1:23:20,eueowl1,0.03591982647776604,2
1000,1:23:20,tawowl1,0.033236488699913025,3
1000,1:23:20,litowl1,0.023914895951747894,4
1000,1:23:20,commoo3,0.021461399272084236,5
1001,1:23:25,watrai1,0.04701331630349159,1
1001,1:23:25,manshe,0.031016753986477852,2
1001,1:23:25,eurcoo,0.025944413617253304,3
1001,1:23:25,eueowl1,0.023657651618123055,4
1001,1:23:25,tawowl1,0.023052772507071495,5
1002,1:23:30,brnowl,0.0647369772195816,1
1002,1:23:30,loeowl,0.060956381261348724,2
1002,1:23:30,tawowl1,0.04425541311502457,3
1002,1:23:30,eueowl1,0.04166486859321594,4
1002,1:23:30,grhowl,0.028158988803625107,5
1003,1:23:35,brnowl,0.49116051197052,1
1003,1:23:35,loeowl,0.07290975749492645,2
1003,1:23:35,tawowl1,0.039111748337745667,3
1003,1:23:35,eueowl1,0.03530211001634598,4
1003,1:23:35,grhowl,0.012486333027482033,5
1004,1:23:40,commoo3,0.08229594677686691,1
1004,1:23:40,grebit1,0.08000089228153229,2
1004,1:23:40,tawowl1,0.04914337024092674,3
1004,1:23:40,eueowl1,0.03784951940178871,4
1004,1:23:40,eurcoo,0.030871467664837837,5
1005,1:23:45,eurtre1,0.2577619254589081,1
1005,1:23:45,eurrob1,0.0662846714258194,2
1005,1:23:45,shttre1,0.056083813309669495,3
1005,1:23:45,goldcr1,0.0491475947201252,4
1005,1:23:45,eurbla,0.046387191861867905,5
1006,1:23:50,tawowl1,0.20271915197372437,1
1006,1:23:50,eueowl1,0.06179108843207359,2
1006,1:23:50,grebit1,0.055882349610328674,3
1006,1:23:50,eurcoo,0.03957321122288704,4
1006,1:23:50,commoo3,0.03781965747475624,5
1007,1:23:55,tawowl1,0.10452580451965332,1
1007,1:23:55,commoo3,0.0695795938372612,2
1007,1:23:55,eurcoo,0.05703702196478844,3
1007,1:23:55,watrai1,0.0456276498734951,4
1007,1:23:55,eueowl1,0.04455075412988663,5
1008,1:24:00,tawowl1,0.06039275601506233,1
1008,1:24:00,eurcoo,0.05757234990596771,2
1008,1:24:00,eueowl1,0.05622580274939537,3
1008,1:24:00,commoo3,0.040373899042606354,4
1008,1:24:00,watrai1,0.03472934290766716,5
1009,1:24:05,tawowl1,0.07090610265731812,1
1009,1:24:05,commoo3,0.0540420226752758,2
1009,1:24:05,eueowl1,0.0514141246676445,3
1009,1:24:05,eurcoo,0.047857947647571564,4
1009,1:24:05,watrai1,0.03691134601831436,5
1010,1:24:10,tawowl1,0.0825757160782814,1
1010,1:24:10,commoo3,0.045465096831321716,2
1010,1:24:10,eueowl1,0.04506499320268631,3
1010,1:24:10,eurcoo,0.037987519055604935,4
1010,1:24:10,loeowl,0.03703457862138748,5
1011,1:24:15,tawowl1,0.15426260232925415,1
1011,1:24:15,loeowl,0.08048377186059952,2
1011,1:24:15,commoo3,0.031892675906419754,3
1011,1:24:15,eurnig1,0.02780621126294136,4
1011,1:24:15,eueowl1,0.0262650977820158,5
1012,1:24:20,eurcoo,0.06588825583457947,1
1012,1:24:20,tawowl1,0.057822562754154205,2
1012,1:24:20,commoo3,0.05644870921969414,3
1012,1:24:20,eueowl1,0.040285807102918625,4
1012,1:24:20,blksco1,0.03909917175769806,5
1013,1:24:25,tawowl1,0.07834529131650925,1
1013,1:24:25,commoo3,0.05184975266456604,2
1013,1:24:25,eurcoo,0.043247371912002563,3
1013,1:24:25,loeowl,0.0415598526597023,4
1013,1:24:25,grebit1,0.03811119496822357,5
1014,1:24:30,loeowl,0.13108161091804504,1
1014,1:24:30,tawowl1,0.07798494398593903,2
1014,1:24:30,eueowl1,0.06622455269098282,3
1014,1:24:30,eurcoo,0.04738695174455643,4
1014,1:24:30,commoo3,0.04027309641242027,5
1015,1:24:35,tawowl1,0.07238977402448654,1
1015,1:24:35,eurcoo,0.04405691474676132,2
1015,1:24:35,commoo3,0.04360756278038025,3
1015,1:24:35,eueowl1,0.04311623051762581,4
1015,1:24:35,watrai1,0.03652457147836685,5
1016,1:24:40,commoo3,0.0739540383219719,1
1016,1:24:40,brnowl,0.041317638009786606,2
1016,1:24:40,tawowl1,0.03886109218001366,3
1016,1:24:40,eurcoo,0.03436882048845291,4
1016,1:24:40,watrai1,0.030244043096899986,5
1017,1:24:45,tawowl1,0.12048040330410004,1
1017,1:24:45,manshe,0.056607041507959366,2
1017,1:24:45,eueowl1,0.05425325408577919,3
1017,1:24:45,loeowl,0.046928294003009796,4
1017,1:24:45,eurcoo,0.025782112032175064,5
1018,1:24:50,tawowl1,0.8552463054656982,1
1018,1:24:50,loeowl,0.03456973284482956,2
1018,1:24:50,eurcoo,0.022363319993019104,3
1018,1:24:50,comcra,0.006276146974414587,4
1018,1:24:50,watrai1,0.004609911702573299,5
1019,1:24:55,eurcoo,0.07856600731611252,1
1019,1:24:55,tawowl1,0.07789187878370285,2
1019,1:24:55,loeowl,0.05518025532364845,3
1019,1:24:55,commoo3,0.0530734658241272,4
1019,1:24:55,watrai1,0.04114549979567528,5
1020,1:25:00,eurrob1,0.3424966037273407,1
1020,1:25:00,goldcr1,0.11036857217550278,2
1020,1:25:00,firecr1,0.04421975836157799,3
1020,1:25:00,lottit1,0.021175675094127655,4
1020,1:25:00,gockin,0.020252522081136703,5
1021,1:25:05,tawowl1,0.08785121142864227,1
1021,1:25:05,commoo3,0.06224243342876434,2
1021,1:25:05,eurcoo,0.0539720319211483,3
1021,1:25:05,loeowl,0.04758061468601227,4
1021,1:25:05,eueowl1,0.035044025629758835,5
1022,1:25:10,grebit1,0.06839205324649811,1
1022,1:25:10,eueowl1,0.044672831892967224,2
1022,1:25:10,tawowl1,0.04274730756878853,3
1022,1:25:10,loeowl,0.04140172526240349,4
1022,1:25:10,commoo3,0.04028560221195221,5
1023,1:25:15,tawowl1,0.04915278032422066,1
1023,1:25:15,watrai1,0.03974000737071037,2
1023,1:25:15,commoo3,0.03902217000722885,3
1023,1:25:15,brnowl,0.03688714653253555,4
1023,1:25:15,eueowl1,0.035395603626966476,5
1024,1:25:20,tawowl1,0.07656986266374588,1
1024,1:25:20,eueowl1,0.05619905889034271,2
1024,1:25:20,loeowl,0.035830024629831314,3
1024,1:25:20,watrai1,0.03208606690168381,4
1024,1:25:20,commoo3,0.027579693123698235,5
1025,1:25:25,loeowl,0.06355592608451843,1
1025,1:25:25,tawowl1,0.05503129959106445,2
1025,1:25:25,eurcoo,0.04475382715463638,3
1025,1:25:25,eurnig1,0.03290809690952301,4
1025,1:25:25,duswar,0.02098744548857212,5
1026,1:25:30,eurrob1,0.12219667434692383,1
1026,1:25:30,goldcr1,0.07242795079946518,2
1026,1:25:30,hawfin,0.056922152638435364,3
1026,1:25:30,spofly1,0.037978701293468475,4
1026,1:25:30,tawowl1,0.025634439662098885,5
1027,1:25:35,tawowl1,0.06694456189870834,1
1027,1:25:35,loeowl,0.05579177662730217,2
1027,1:25:35,eueowl1,0.0385778434574604,3
1027,1:25:35,eurcoo,0.023266924545168877,4
1027,1:25:35,watrai1,0.021426640450954437,5
1028,1:25:40,brnowl,0.2361481934785843,1
1028,1:25:40,tawowl1,0.08005068451166153,2
1028,1:25:40,loeowl,0.06995716691017151,3
1028,1:25:40,eueowl1,0.041192930191755295,4
1028,1:25:40,litowl1,0.04048019275069237,5
1029,1:25:45,tawowl1,0.16361066699028015,1
1029,1:25:45,eurcoo,0.09967271983623505,2
1029,1:25:45,loeowl,0.0615047961473465,3
1029,1:25:45,commoo3,0.048730384558439255,4
1029,1:25:45,eueowl1,0.03741559013724327,5
1030,1:25:50,tawowl1,0.09755941480398178,1
1030,1:25:50,grebit1,0.04747234657406807,2
1030,1:25:50,eueowl1,0.03926984220743179,3
1030,1:25:50,loeowl,0.03510008752346039,4
1030,1:25:50,commoo3,0.03024040348827839,5
1031,1:25:55,tawowl1,0.06446892023086548,1
1031,1:25:55,commoo3,0.05405411869287491,2
1031,1:25:55,eueowl1,0.05388879030942917,3
1031,1:25:55,eurcoo,0.045019738376140594,4
1031,1:25:55,loeowl,0.042824920266866684,5
1032,1:26:00,eurnig1,0.12381799519062042,1
1032,1:26:00,eurcoo,0.05304768681526184,2
1032,1:26:00,commoo3,0.048929765820503235,3
1032,1:26:00,watrai1,0.04425279423594475,4
1032,1:26:00,comqua1,0.041477225720882416,5
1033,1:26:05,tawowl1,0.14362497627735138,1
1033,1:26:05,commoo3,0.07703161239624023,2
1033,1:26:05,eurcoo,0.06898954510688782,3
1033,1:26:05,loeowl,0.04147520288825035,4
1033,1:26:05,watrai1,0.031861916184425354,5
1034,1:26:10,tawowl1,0.1279890239238739,1
1034,1:26:10,commoo3,0.06241447106003761,2
1034,1:26:10,eueowl1,0.04365837946534157,3
1034,1:26:10,eurcoo,0.041754141449928284,4
1034,1:26:10,loeowl,0.038816291838884354,5
1035,1:26:15,eurcoo,0.09628492593765259,1
1035,1:26:15,tawowl1,0.09438247978687286,2
1035,1:26:15,loeowl,0.07631970196962357,3
1035,1:26:15,commoo3,0.06425078213214874,4
1035,1:26:15,eueowl1,0.0391649529337883,5
1036,1:26:20,tawowl1,0.06567109376192093,1
1036,1:26:20,eueowl1,0.04819872975349426,2
1036,1:26:20,loeowl,0.04498554766178131,3
1036,1:26:20,commoo3,0.041344039142131805,4
1036,1:26:20,eurcoo,0.03892941400408745,5
1037,1:26:25,tawowl1,0.08799590170383453,1
1037,1:26:25,loeowl,0.06853555887937546,2
1037,1:26:25,eueowl1,0.051070213317871094,3
1037,1:26:25,eurcoo,0.039870571345090866,4
1037,1:26:25,commoo3,0.03512207418680191,5
1038,1:26:30,commoo3,0.07719843834638596,1
1038,1:26:30,eurcoo,0.0686105415225029,2
1038,1:26:30,tawowl1,0.06712911278009415,3
1038,1:26:30,loeowl,0.04602914676070213,4
1038,1:26:30,watrai1,0.04362993314862251,5
1039,1:26:35,tawowl1,0.06795690208673477,1
1039,1:26:35,eurcoo,0.060396742075681686,2
1039,1:26:35,commoo3,0.058685846626758575,3
1039,1:26:35,loeowl,0.03770336136221886,4
1039,1:26:35,watrai1,0.037045497447252274,5
1040,1:26:40,tawowl1,0.06530091166496277,1
1040,1:26:40,watrai1,0.04929782450199127,2
1040,1:26:40,eurcoo,0.02481977641582489,3
1040,1:26:40,commoo3,0.023055262863636017,4
1040,1:26:40,eueowl1,0.020471682772040367,5
1041,1:26:45,tawowl1,0.2531980574131012,1
1041,1:26:45,watrai1,0.06772437691688538,2
1041,1:26:45,commoo3,0.062329381704330444,3
1041,1:26:45,brnowl,0.05926964432001114,4
1041,1:26:45,eueowl1,0.05544859543442726,5
1042,1:26:50,tawowl1,0.13021883368492126,1
1042,1:26:50,eueowl1,0.06103050336241722,2
1042,1:26:50,eurrob1,0.04472802206873894,3
1042,1:26:50,loeowl,0.03629622980952263,4
1042,1:26:50,brnowl,0.028402427211403847,5
1043,1:26:55,tawowl1,0.13626478612422943,1
1043,1:26:55,loeowl,0.069429412484169,2
1043,1:26:55,eueowl1,0.03686323016881943,3
1043,1:26:55,eurcoo,0.02268134243786335,4
1043,1:26:55,watrai1,0.01910301111638546,5
1044,1:27:00,brnowl,0.09254388511180878,1
1044,1:27:00,litowl1,0.06529267877340317,2
1044,1:27:00,tawowl1,0.05286851525306702,3
1044,1:27:00,comrav,0.039170049130916595,4
1044,1:27:00,eueowl1,0.03501002490520477,5
1045,1:27:05,tawowl1,0.12254410982131958,1
1045,1:27:05,eueowl1,0.07016119360923767,2
1045,1:27:05,loeowl,0.037027910351753235,3
1045,1:27:05,brnowl,0.03612498939037323,4
1045,1:27:05,commoo3,0.028764816001057625,5
1046,1:27:10,commoo3,0.2721087336540222,1
1046,1:27:10,tawowl1,0.048879534006118774,2
1046,1:27:10,rinphe,0.04788842052221298,3
1046,1:27:10,rocpig,0.03406313806772232,4
1046,1:27:10,eueowl1,0.030522003769874573,5
1047,1:27:15,brnowl,0.5644593834877014,1
1047,1:27:15,litowl1,0.11599560081958771,2
1047,1:27:15,eurjay1,0.059856072068214417,3
1047,1:27:15,loeowl,0.03819825127720833,4
1047,1:27:15,tawowl1,0.03361663222312927,5
1048,1:27:20,eurrob1,0.10542317479848862,1
1048,1:27:20,commoo3,0.06200172007083893,2
1048,1:27:20,tawowl1,0.04750664159655571,3
1048,1:27:20,loeowl,0.04575475677847862,4
1048,1:27:20,eurtre1,0.03260089084506035,5
1049,1:27:25,tawowl1,0.06541763246059418,1
1049,1:27:25,commoo3,0.06466969102621078,2
1049,1:27:25,eurcoo,0.060513969510793686,3
1049,1:27:25,loeowl,0.03466410934925079,4
1049,1:27:25,watrai1,0.03340480476617813,5
1050,1:27:30,tawowl1,0.0995832085609436,1
1050,1:27:30,loeowl,0.07852528244256973,2
1050,1:27:30,eurnig1,0.06681861728429794,3
1050,1:27:30,eurcoo,0.05526173114776611,4
1050,1:27:30,commoo3,0.05102375149726868,5
1051,1:27:35,loeowl,0.07491941750049591,1
1051,1:27:35,eueowl1,0.07335034757852554,2
1051,1:27:35,tawowl1,0.06463406980037689,3
1051,1:27:35,commoo3,0.05072539299726486,4
1051,1:27:35,eurcoo,0.04840504750609398,5
1052,1:27:40,tawowl1,0.048905402421951294,1
1052,1:27:40,eurnig1,0.03974917531013489,2
1052,1:27:40,loeowl,0.038831304758787155,3
1052,1:27:40,eurrob1,0.03144722804427147,4
1052,1:27:40,eueowl1,0.024656187742948532,5
1053,1:27:45,tawowl1,0.030526503920555115,1
1053,1:27:45,watrai1,0.028908314183354378,2
1053,1:27:45,eueowl1,0.026171276345849037,3
1053,1:27:45,eurrob1,0.02551078051328659,4
1053,1:27:45,loeowl,0.024930771440267563,5
1054,1:27:50,brnowl,0.11592480540275574,1
1054,1:27:50,litowl1,0.1066322848200798,2
1054,1:27:50,tawowl1,0.061583973467350006,3
1054,1:27:50,eueowl1,0.022722940891981125,4
1054,1:27:50,comrav,0.022146418690681458,5
1055,1:27:55,tawowl1,0.07320943474769592,1
1055,1:27:55,brnowl,0.05265817418694496,2
1055,1:27:55,eueowl1,0.03490878641605377,3
1055,1:27:55,litowl1,0.021898312494158745,4
1055,1:27:55,comrav,0.02089223824441433,5
1056,1:28:00,brnowl,0.5382922887802124,1
1056,1:28:00,litowl1,0.1448616087436676,2
1056,1:28:00,loeowl,0.06310665607452393,3
1056,1:28:00,barowl28,0.016982512548565865,4
1056,1:28:00,tawowl1,0.016133055090904236,5
1057,1:28:05,eueowl1,0.11144062131643295,1
1057,1:28:05,tawowl1,0.07867861539125443,2
1057,1:28:05,brnowl,0.03876331448554993,3
1057,1:28:05,loeowl,0.03625395521521568,4
1057,1:28:05,ortbun1,0.03617901727557182,5
1058,1:28:10,tawowl1,0.06626145541667938,1
1058,1:28:10,loeowl,0.04293480142951012,2
1058,1:28:10,eueowl1,0.03960597142577171,3
1058,1:28:10,ortbun1,0.03115973062813282,4
1058,1:28:10,brnowl,0.021616637706756592,5
1059,1:28:15,tawowl1,0.05484709516167641,1
1059,1:28:15,eueowl1,0.028845278546214104,2
1059,1:28:15,loeowl,0.02188064530491829,3
1059,1:28:15,watrai1,0.021792467683553696,4
1059,1:28:15,ortbun1,0.019219202920794487,5
1060,1:28:20,eueowl1,0.06665069609880447,1
1060,1:28:20,loeowl,0.04732475429773331,2
1060,1:28:20,tawowl1,0.03895937651395798,3
1060,1:28:20,eurcoo,0.036978598684072495,4
1060,1:28:20,watrai1,0.03597399592399597,5
1061,1:28:25,loeowl,0.12152720987796783,1
1061,1:28:25,tawowl1,0.07353959232568741,2
1061,1:28:25,eueowl1,0.03276650607585907,3
1061,1:28:25,commoo3,0.024663589894771576,4
1061,1:28:25,eurnig1,0.02455964684486389,5
1062,1:28:30,tawowl1,0.08540008962154388,1
1062,1:28:30,commoo3,0.06547609716653824,2
1062,1:28:30,eurcoo,0.04545537382364273,3
1062,1:28:30,eueowl1,0.04022231698036194,4
1062,1:28:30,loeowl,0.03357214480638504,5
1063,1:28:35,loeowl,0.049728166311979294,1
1063,1:28:35,tawowl1,0.04129287227988243,2
1063,1:28:35,eueowl1,0.033034320920705795,3
1063,1:28:35,comqua1,0.03202866017818451,4
1063,1:28:35,commoo3,0.029672276228666306,5
1064,1:28:40,tawowl1,0.04662073776125908,1
1064,1:28:40,eurcoo,0.04325476661324501,2
1064,1:28:40,eueowl1,0.042786747217178345,3
1064,1:28:40,watrai1,0.04059826210141182,4
1064,1:28:40,commoo3,0.03126046434044838,5
1065,1:28:45,tawowl1,0.08617893606424332,1
1065,1:28:45,eurrob1,0.03924724459648132,2
1065,1:28:45,eueowl1,0.03165832906961441,3
1065,1:28:45,sonthr1,0.030835062265396118,4
1065,1:28:45,loeowl,0.02579886093735695,5
1066,1:28:50,tawowl1,0.0899965763092041,1
1066,1:28:50,loeowl,0.05090123042464256,2
1066,1:28:50,eueowl1,0.04027426987886429,3
1066,1:28:50,watrai1,0.03800752013921738,4
1066,1:28:50,eurcoo,0.030369877815246582,5
1067,1:28:55,tawowl1,0.07774769514799118,1
1067,1:28:55,eueowl1,0.05255267024040222,2
1067,1:28:55,loeowl,0.04284566268324852,3
1067,1:28:55,commoo3,0.03438889980316162,4
1067,1:28:55,eurcoo,0.0302476454526186,5
1068,1:29:00,tawowl1,0.05266449600458145,1
1068,1:29:00,eurcoo,0.04084072634577751,2
1068,1:29:00,eueowl1,0.03620535135269165,3
1068,1:29:00,loeowl,0.03297879546880722,4
1068,1:29:00,watrai1,0.02557375468313694,5
1069,1:29:05,loeowl,0.057741809636354446,1
1069,1:29:05,blawoo1,0.05193427577614784,2
1069,1:29:05,brnowl,0.04961135610938072,3
1069,1:29:05,tawowl1,0.04222335293889046,4
1069,1:29:05,eurrob1,0.036039382219314575,5
1070,1:29:10,eueowl1,0.03919096291065216,1
1070,1:29:10,commoo3,0.028255872428417206,2
1070,1:29:10,watrai1,0.02031170204281807,3
1070,1:29:10,loeowl,0.020141232758760452,4
1070,1:29:10,brnowl,0.02013467065989971,5
1071,1:29:15,tawowl1,0.11845888197422028,1
1071,1:29:15,loeowl,0.054571956396102905,2
1071,1:29:15,eueowl1,0.042344097048044205,3
1071,1:29:15,commoo3,0.04188186302781105,4
1071,1:29:15,watrai1,0.036821700632572174,5
1072,1:29:20,tawowl1,0.08455951511859894,1
1072,1:29:20,eueowl1,0.0773468017578125,2
1072,1:29:20,loeowl,0.05339539423584938,3
1072,1:29:20,eurcoo,0.03481869399547577,4
1072,1:29:20,watrai1,0.031938131898641586,5
1073,1:29:25,eurcoo,0.04735525697469711,1
1073,1:29:25,tawowl1,0.0436251163482666,2
1073,1:29:25,watrai1,0.03890446946024895,3
1073,1:29:25,loeowl,0.024897832423448563,4
1073,1:29:25,whoswa,0.021483832970261574,5
1074,1:29:30,tawowl1,0.07295744866132736,1
1074,1:29:30,eurcoo,0.049627598375082016,2
1074,1:29:30,eueowl1,0.03920937702059746,3
1074,1:29:30,loeowl,0.033857930451631546,4
1074,1:29:30,watrai1,0.028250060975551605,5
1075,1:29:35,tawowl1,0.09463615715503693,1
1075,1:29:35,eueowl1,0.042553868144750595,2
1075,1:29:35,watrai1,0.0369051992893219,3
1075,1:29:35,loeowl,0.03490233048796654,4
1075,1:29:35,eurcoo,0.03328194469213486,5
1076,1:29:40,tawowl1,0.10168144106864929,1
1076,1:29:40,loeowl,0.07199034839868546,2
1076,1:29:40,eueowl1,0.06229458004236221,3
1076,1:29:40,watrai1,0.026080675423145294,4
1076,1:29:40,eurcoo,0.02376258186995983,5
1077,1:29:45,tawowl1,0.11735345423221588,1
1077,1:29:45,loeowl,0.08927839249372482,2
1077,1:29:45,eueowl1,0.0700574591755867,3
1077,1:29:45,commoo3,0.027897892519831657,4
1077,1:29:45,eurcoo,0.022843077778816223,5
1078,1:29:50,tawowl1,0.12121834605932236,1
1078,1:29:50,eueowl1,0.05031901225447655,2
1078,1:29:50,commoo3,0.0460050068795681,3
1078,1:29:50,eurcoo,0.03919486701488495,4
1078,1:29:50,loeowl,0.03894830867648125,5
1079,1:29:55,commoo3,0.0852888971567154,1
1079,1:29:55,loeowl,0.0842219665646553,2
1079,1:29:55,eueowl1,0.06704845279455185,3
1079,1:29:55,tawowl1,0.06651265919208527,4
1079,1:29:55,eurcoo,0.05236642062664032,5
1080,1:30:00,commoo3,0.07406404614448547,1
1080,1:30:00,tawowl1,0.0681348368525505,2
1080,1:30:00,loeowl,0.06797373294830322,3
1080,1:30:00,watrai1,0.04103090614080429,4
1080,1:30:00,eueowl1,0.03496653586626053,5
1081,1:30:05,comqua1,0.08428747951984406,1
1081,1:30:05,commoo3,0.06387368589639664,2
1081,1:30:05,tawowl1,0.047444649040699005,3
1081,1:30:05,watrai1,0.04449612647294998,4
1081,1:30:05,eueowl1,0.03364531695842743,5
1082,1:30:10,comrav,0.06252669543027878,1
1082,1:30:10,loeowl,0.047546349465847015,2
1082,1:30:10,tawowl1,0.0412764772772789,3
1082,1:30:10,commoo3,0.030200170353055,4
1082,1:30:10,watrai1,0.029538484290242195,5
1083,1:30:15,tawowl1,0.07668137550354004,1
1083,1:30:15,eueowl1,0.05599505826830864,2
1083,1:30:15,loeowl,0.0476127453148365,3
1083,1:30:15,commoo3,0.030173836275935173,4
1083,1:30:15,watrai1,0.027957579120993614,5
1084,1:30:20,commoo3,0.04951658099889755,1
1084,1:30:20,tawowl1,0.044514548033475876,2
1084,1:30:20,loeowl,0.04383421689271927,3
1084,1:30:20,watrai1,0.04209119826555252,4
1084,1:30:20,eueowl1,0.038649313151836395,5
1085,1:30:25,tawowl1,0.12713457643985748,1
1085,1:30:25,commoo3,0.046386223286390305,2
1085,1:30:25,eurcoo,0.04595034569501877,3
1085,1:30:25,eueowl1,0.044594746083021164,4
1085,1:30:25,brnowl,0.04342472553253174,5
1086,1:30:30,watrai1,0.06931149959564209,1
1086,1:30:30,tawowl1,0.060269247740507126,2
1086,1:30:30,commoo3,0.05952315032482147,3
1086,1:30:30,loeowl,0.057807885110378265,4
1086,1:30:30,eueowl1,0.04873456805944443,5
1087,1:30:35,tawowl1,0.08452850580215454,1
1087,1:30:35,eueowl1,0.05930700898170471,2
1087,1:30:35,loeowl,0.04933825135231018,3
1087,1:30:35,commoo3,0.04487619549036026,4
1087,1:30:35,eurcoo,0.04174964502453804,5
1088,1:30:40,tawowl1,0.09807413816452026,1
1088,1:30:40,loeowl,0.09018721431493759,2
1088,1:30:40,eurcoo,0.052578285336494446,3
1088,1:30:40,eueowl1,0.04983546957373619,4
1088,1:30:40,commoo3,0.042280226945877075,5
1089,1:30:45,tawowl1,0.07485774159431458,1
1089,1:30:45,loeowl,0.06132866442203522,2
1089,1:30:45,commoo3,0.04910038411617279,3
1089,1:30:45,eurcoo,0.043107807636260986,4
1089,1:30:45,eueowl1,0.03687410056591034,5
1090,1:30:50,loeowl,0.08658822625875473,1
1090,1:30:50,flaowl,0.08384032547473907,2
1090,1:30:50,tawowl1,0.0798146054148674,3
1090,1:30:50,eueowl1,0.056462522596120834,4
1090,1:30:50,uraowl1,0.04913100600242615,5
1091,1:30:55,tawowl1,0.10474691540002823,1
1091,1:30:55,commoo3,0.0839259922504425,2
1091,1:30:55,loeowl,0.04296739026904106,3
1091,1:30:55,eurcoo,0.04203660413622856,4
1091,1:30:55,comqua1,0.03848003223538399,5
1092,1:31:00,tawowl1,0.06942540407180786,1
1092,1:31:00,commoo3,0.05853435397148132,2
1092,1:31:00,eurnig1,0.050466157495975494,3
1092,1:31:00,loeowl,0.0503166988492012,4
1092,1:31:00,eurcoo,0.0409163236618042,5
1093,1:31:05,eurcoo,0.06545770168304443,1
1093,1:31:05,loeowl,0.05556752532720566,2
1093,1:31:05,commoo3,0.04699790105223656,3
1093,1:31:05,eurnig1,0.044418904930353165,4
1093,1:31:05,watrai1,0.04349448159337044,5
1094,1:31:10,tawowl1,0.11868800222873688,1
1094,1:31:10,loeowl,0.08514704555273056,2
1094,1:31:10,eurcoo,0.078165203332901,3
1094,1:31:10,commoo3,0.05547579377889633,4
1094,1:31:10,eurnig1,0.031360916793346405,5
1095,1:31:15,tawowl1,0.08627855777740479,1
1095,1:31:15,commoo3,0.07164081186056137,2
1095,1:31:15,eurcoo,0.05859062075614929,3
1095,1:31:15,loeowl,0.04809652641415596,4
1095,1:31:15,eurnig1,0.043297186493873596,5
1096,1:31:20,tawowl1,0.08642370253801346,1
1096,1:31:20,eurcoo,0.04767594486474991,2
1096,1:31:20,commoo3,0.043763842433691025,3
1096,1:31:20,loeowl,0.03917233273386955,4
1096,1:31:20,eueowl1,0.03588077798485756,5
1097,1:31:25,commoo3,0.1753179132938385,1
1097,1:31:25,tawowl1,0.07209856808185577,2
1097,1:31:25,borowl,0.06183228641748428,3
1097,1:31:25,comqua1,0.03720124810934067,4
1097,1:31:25,eurcoo,0.034002579748630524,5
1098,1:31:30,tawowl1,0.08142825961112976,1
1098,1:31:30,eueowl1,0.057916756719350815,2
1098,1:31:30,commoo3,0.04107586666941643,3
1098,1:31:30,eurcoo,0.039132241159677505,4
1098,1:31:30,loeowl,0.038796525448560715,5
1099,1:31:35,tawowl1,0.20928004384040833,1
1099,1:31:35,brnowl,0.1551661640405655,2
1099,1:31:35,loeowl,0.036847565323114395,3
1099,1:31:35,eueowl1,0.03631537780165672,4
1099,1:31:35,litowl1,0.030742835253477097,5
1100,1:31:40,tawowl1,0.24714338779449463,1
1100,1:31:40,brnowl,0.122637078166008,2
1100,1:31:40,loeowl,0.039695847779512405,3
1100,1:31:40,eueowl1,0.033309802412986755,4
1100,1:31:40,commoo3,0.02562415413558483,5
1101,1:31:45,tawowl1,0.06993313133716583,1
1101,1:31:45,manshe,0.04645806550979614,2
1101,1:31:45,eueowl1,0.04415333643555641,3
1101,1:31:45,commoo3,0.04389418661594391,4
1101,1:31:45,loeowl,0.03688954934477806,5
1102,1:31:50,tawowl1,0.09250137954950333,1
1102,1:31:50,loeowl,0.054997920989990234,2
1102,1:31:50,eueowl1,0.04284390062093735,3
1102,1:31:50,eurcoo,0.041460320353507996,4
1102,1:31:50,commoo3,0.03770581632852554,5
1103,1:31:55,tawowl1,0.08697408437728882,1
1103,1:31:55,eueowl1,0.03573966771364212,2
1103,1:31:55,commoo3,0.03006456419825554,3
1103,1:31:55,eurcoo,0.02894812449812889,4
1103,1:31:55,watrai1,0.02377910353243351,5
1104,1:32:00,tawowl1,0.09960903227329254,1
1104,1:32:00,eueowl1,0.06725994497537613,2
1104,1:32:00,loeowl,0.04117058962583542,3
1104,1:32:00,commoo3,0.038224779069423676,4
1104,1:32:00,brnowl,0.03160136938095093,5
1105,1:32:05,spofly1,0.05066150054335594,1
1105,1:32:05,eueowl1,0.047552287578582764,2
1105,1:32:05,dunnoc1,0.04742452874779701,3
1105,1:32:05,shttre1,0.03467344492673874,4
1105,1:32:05,loeowl,0.032421790063381195,5
1106,1:32:10,tawowl1,0.089934341609478,1
1106,1:32:10,loeowl,0.05780036747455597,2
1106,1:32:10,eueowl1,0.053522054105997086,3
1106,1:32:10,brnowl,0.05003420263528824,4
1106,1:32:10,litowl1,0.027085496112704277,5
1107,1:32:15,tawowl1,0.18570193648338318,1
1107,1:32:15,brnowl,0.1126680076122284,2
1107,1:32:15,loeowl,0.06703641265630722,3
1107,1:32:15,eueowl1,0.036157604306936264,4
1107,1:32:15,commoo3,0.021465420722961426,5
1108,1:32:20,commoo3,0.10446065664291382,1
1108,1:32:20,tawowl1,0.06111842393875122,2
1108,1:32:20,loeowl,0.05296340957283974,3
1108,1:32:20,eurcoo,0.03100823052227497,4
1108,1:32:20,eurrob1,0.029777204617857933,5
1109,1:32:25,loeowl,0.35561662912368774,1
1109,1:32:25,eueowl1,0.11077887564897537,2
1109,1:32:25,tawowl1,0.09010089188814163,3
1109,1:32:25,brnowl,0.021060682833194733,4
1109,1:32:25,watrai1,0.019243720918893814,5
1110,1:32:30,brnowl,0.5529211759567261,1
1110,1:32:30,litowl1,0.10062927007675171,2
1110,1:32:30,loeowl,0.06516760587692261,3
1110,1:32:30,eueowl1,0.04953949153423309,4
1110,1:32:30,tawowl1,0.018249517306685448,5
1111,1:32:35,comrav,0.06307800859212875,1
1111,1:32:35,tawowl1,0.05200596898794174,2
1111,1:32:35,commoo3,0.04808087274432182,3
1111,1:32:35,eueowl1,0.038721971213817596,4
1111,1:32:35,rinphe,0.03863346204161644,5
1112,1:32:40,tawowl1,0.08813699334859848,1
1112,1:32:40,eurcoo,0.08021394908428192,2
1112,1:32:40,grebit1,0.047937843948602676,3
1112,1:32:40,eurnig1,0.04455016180872917,4
1112,1:32:40,commoo3,0.03591174632310867,5
1113,1:32:45,eurcoo,0.06514276564121246,1
1113,1:32:45,tawowl1,0.059995491057634354,2
1113,1:32:45,commoo3,0.054261598736047745,3
1113,1:32:45,comqua1,0.04209788516163826,4
1113,1:32:45,watrai1,0.04037545248866081,5
1114,1:32:50,eurnig1,0.0759928897023201,1
1114,1:32:50,eurcoo,0.06686602532863617,2
1114,1:32:50,commoo3,0.06134169176220894,3
1114,1:32:50,watrai1,0.05115104466676712,4
1114,1:32:50,tawowl1,0.04682442545890808,5
1115,1:32:55,tawowl1,0.07562509179115295,1
1115,1:32:55,loeowl,0.05918336287140846,2
1115,1:32:55,eueowl1,0.03728437051177025,3
1115,1:32:55,eurcoo,0.03466641157865524,4
1115,1:32:55,comqua1,0.02931981533765793,5
1116,1:33:00,tawowl1,0.051824722439050674,1
1116,1:33:00,loeowl,0.051520660519599915,2
1116,1:33:00,eueowl1,0.03434080258011818,3
1116,1:33:00,watrai1,0.02894069068133831,4
1116,1:33:00,rinphe,0.026880843564867973,5
1117,1:33:05,waldra1,0.18782761693000793,1
1117,1:33:05,comcra,0.056972529739141464,2
1117,1:33:05,shtgro,0.054502103477716446,3
1117,1:33:05,grecor,0.03795737028121948,4
1117,1:33:05,rinphe,0.03455915302038193,5
1118,1:33:10,eurcoo,0.0796860009431839,1
1118,1:33:10,tawowl1,0.05133551359176636,2
1118,1:33:10,commoo3,0.05005071312189102,3
1118,1:33:10,watrai1,0.041789766401052475,4
1118,1:33:10,loeowl,0.04005269706249237,5
1119,1:33:15,tawowl1,0.11114446073770523,1
1119,1:33:15,eurcoo,0.08056541532278061,2
1119,1:33:15,watrai1,0.0662594735622406,3
1119,1:33:15,commoo3,0.06217217445373535,4
1119,1:33:15,loeowl,0.049646686762571335,5
1120,1:33:20,commoo3,0.07569193094968796,1
1120,1:33:20,tawowl1,0.07495371997356415,2
1120,1:33:20,eurcoo,0.05841909721493721,3
1120,1:33:20,eueowl1,0.038777049630880356,4
1120,1:33:20,comqua1,0.03543392941355705,5
1121,1:33:25,commoo3,0.07346103340387344,1
1121,1:33:25,tawowl1,0.06799259036779404,2
1121,1:33:25,eurnig1,0.06107357144355774,3
1121,1:33:25,eueowl1,0.03960658609867096,4
1121,1:33:25,watrai1,0.03626197949051857,5
1122,1:33:30,tawowl1,0.10724182426929474,1
1122,1:33:30,loeowl,0.07197920978069305,2
1122,1:33:30,eurcoo,0.06753440946340561,3
1122,1:33:30,commoo3,0.06271477788686752,4
1122,1:33:30,eueowl1,0.03640547767281532,5
1123,1:33:35,tawowl1,0.08118288218975067,1
1123,1:33:35,loeowl,0.03620961681008339,2
1123,1:33:35,eueowl1,0.03166459500789642,3
1123,1:33:35,eurcoo,0.026118870824575424,4
1123,1:33:35,commoo3,0.023575207218527794,5
1124,1:33:40,tawowl1,0.09439457207918167,1
1124,1:33:40,loeowl,0.04936331510543823,2
1124,1:33:40,commoo3,0.03669538348913193,3
1124,1:33:40,eurcoo,0.03561249375343323,4
1124,1:33:40,eueowl1,0.035105761140584946,5
1125,1:33:45,tawowl1,0.09672890603542328,1
1125,1:33:45,loeowl,0.054843541234731674,2
1125,1:33:45,eueowl1,0.04315339773893356,3
1125,1:33:45,commoo3,0.0393979549407959,4
1125,1:33:45,eurcoo,0.02880389429628849,5
1126,1:33:50,tawowl1,0.11965565383434296,1
1126,1:33:50,loeowl,0.05211719870567322,2
1126,1:33:50,eurcoo,0.0458819679915905,3
1126,1:33:50,eueowl1,0.04215417057275772,4
1126,1:33:50,commoo3,0.0383533351123333,5
1127,1:33:55,tawowl1,0.09468819946050644,1
1127,1:33:55,loeowl,0.05145065858960152,2
1127,1:33:55,eueowl1,0.029967568814754486,3
1127,1:33:55,commoo3,0.02889818139374256,4
1127,1:33:55,brnowl,0.026539668440818787,5
1128,1:34:00,brnowl,0.2577311098575592,1
1128,1:34:00,litowl1,0.217309832572937,2
1128,1:34:00,tawowl1,0.04011344164609909,3
1128,1:34:00,eueowl1,0.02158910594880581,4
1128,1:34:00,bewwre,0.020549863576889038,5
1129,1:34:05,brnowl,0.14213737845420837,1
1129,1:34:05,loeowl,0.11734026670455933,2
1129,1:34:05,tawowl1,0.0833735316991806,3
1129,1:34:05,eueowl1,0.03404412046074867,4
1129,1:34:05,litowl1,0.021170413121581078,5
1130,1:34:10,tawowl1,0.07578670978546143,1
1130,1:34:10,loeowl,0.07056964188814163,2
1130,1:34:10,eueowl1,0.0376276820898056,3
1130,1:34:10,commoo3,0.030725276097655296,4
1130,1:34:10,eurnig1,0.02927788347005844,5
1131,1:34:15,tawowl1,0.06630563735961914,1
1131,1:34:15,eurnig1,0.048864640295505524,2
1131,1:34:15,eurcoo,0.04266919940710068,3
1131,1:34:15,watrai1,0.03824784234166145,4
1131,1:34:15,loeowl,0.0341440849006176,5
1132,1:34:20,tawowl1,0.07348661869764328,1
1132,1:34:20,eueowl1,0.0529014989733696,2
1132,1:34:20,loeowl,0.039635829627513885,3
1132,1:34:20,eurcoo,0.029948154464364052,4
1132,1:34:20,watrai1,0.028217433020472527,5
1133,1:34:25,tawowl1,0.07206349819898605,1
1133,1:34:25,loeowl,0.0485471747815609,2
1133,1:34:25,eueowl1,0.04594599828124046,3
1133,1:34:25,watrai1,0.030789732933044434,4
1133,1:34:25,blksco1,0.029770586639642715,5
1134,1:34:30,tawowl1,0.11222394555807114,1
1134,1:34:30,eurcoo,0.0509362630546093,2
1134,1:34:30,eueowl1,0.050386786460876465,3
1134,1:34:30,loeowl,0.03994685038924217,4
1134,1:34:30,commoo3,0.03846723213791847,5
1135,1:34:35,tawowl1,0.09976013004779816,1
1135,1:34:35,loeowl,0.05437369644641876,2
1135,1:34:35,eurcoo,0.04054483026266098,3
1135,1:34:35,eueowl1,0.03821137920022011,4
1135,1:34:35,commoo3,0.02886348031461239,5
1136,1:34:40,tawowl1,0.04833124950528145,1
1136,1:34:40,loeowl,0.04239589720964432,2
1136,1:34:40,eueowl1,0.035724081099033356,3
1136,1:34:40,brnowl,0.030665522441267967,4
1136,1:34:40,commoo3,0.02195475809276104,5
1137,1:34:45,litowl1,0.08703111857175827,1
1137,1:34:45,comrav,0.07446715980768204,2
1137,1:34:45,shtgro,0.03781326115131378,3
1137,1:34:45,commoo3,0.03562995046377182,4
1137,1:34:45,eueowl1,0.035066310316324234,5
1138,1:34:50,eueowl1,0.05360540747642517,1
1138,1:34:50,brnowl,0.044670384377241135,2
1138,1:34:50,tawowl1,0.040596380829811096,3
1138,1:34:50,commoo3,0.03245684131979942,4
1138,1:34:50,litowl1,0.024856247007846832,5
1139,1:34:55,tawowl1,0.060108572244644165,1
1139,1:34:55,comchi1,0.03961809352040291,2
1139,1:34:55,comcha,0.023407427594065666,3
1139,1:34:55,graher1,0.023246079683303833,4
1139,1:34:55,eueowl1,0.02273211069405079,5
1140,1:35:00,tawowl1,0.07088791579008102,1
1140,1:35:00,loeowl,0.058802373707294464,2
1140,1:35:00,commoo3,0.05516912043094635,3
1140,1:35:00,eueowl1,0.04639597609639168,4
1140,1:35:00,brnowl,0.03219522535800934,5
1141,1:35:05,loeowl,0.20543044805526733,1
1141,1:35:05,eurrob1,0.12699486315250397,2
1141,1:35:05,flaowl,0.051404379308223724,3
1141,1:35:05,eueowl1,0.04854593053460121,4
1141,1:35:05,spofly1,0.02755947969853878,5
1142,1:35:10,eurrob1,0.3404345214366913,1
1142,1:35:10,goldcr1,0.04521581158041954,2
1142,1:35:10,loeowl,0.036932677030563354,3
1142,1:35:10,comrav,0.03485923632979393,4
1142,1:35:10,firecr1,0.023883497342467308,5
1143,1:35:15,tawowl1,0.07954535633325577,1
1143,1:35:15,eurcoo,0.05321073532104492,2
1143,1:35:15,loeowl,0.04087704047560692,3
1143,1:35:15,eueowl1,0.038867466151714325,4
1143,1:35:15,watrai1,0.03624213859438896,5
1144,1:35:20,brnowl,0.062201566994190216,1
1144,1:35:20,loeowl,0.059208448976278305,2
1144,1:35:20,tawowl1,0.05187365412712097,3
1144,1:35:20,eueowl1,0.046089284121990204,4
1144,1:35:20,ortbun1,0.021687891334295273,5
1145,1:35:25,eueowl1,0.11098754405975342,1
1145,1:35:25,loeowl,0.06634974479675293,2
1145,1:35:25,manshe,0.06318037956953049,3
1145,1:35:25,tawowl1,0.05538119375705719,4
1145,1:35:25,sheowl,0.031859803944826126,5
1146,1:35:30,tawowl1,0.06590542942285538,1
1146,1:35:30,loeowl,0.064534991979599,2
1146,1:35:30,eueowl1,0.04506704583764076,3
1146,1:35:30,watrai1,0.02967596799135208,4
1146,1:35:30,eurcoo,0.023978766053915024,5
1147,1:35:35,loeowl,0.11416272073984146,1
1147,1:35:35,tawowl1,0.06820141524076462,2
1147,1:35:35,eueowl1,0.06319840997457504,3
1147,1:35:35,uraowl1,0.03156723082065582,4
1147,1:35:35,watrai1,0.022325387224555016,5
1148,1:35:40,eurnig1,0.049255263060331345,1
1148,1:35:40,commoo3,0.049224141985177994,2
1148,1:35:40,tawowl1,0.04810769110918045,3
1148,1:35:40,eueowl1,0.042805470526218414,4
1148,1:35:40,loeowl,0.038538362830877304,5
1149,1:35:45,tawowl1,0.09995021671056747,1
1149,1:35:45,commoo3,0.07529690861701965,2
1149,1:35:45,eurcoo,0.06257601082324982,3
1149,1:35:45,loeowl,0.04744259640574455,4
1149,1:35:45,eueowl1,0.03860953077673912,5
1150,1:35:50,tawowl1,0.09970701485872269,1
1150,1:35:50,loeowl,0.09421747922897339,2
1150,1:35:50,eurcoo,0.05863714963197708,3
1150,1:35:50,commoo3,0.03894620016217232,4
1150,1:35:50,eueowl1,0.037695229053497314,5
1151,1:35:55,tawowl1,0.08184750378131866,1
1151,1:35:55,loeowl,0.06121267378330231,2
1151,1:35:55,eueowl1,0.047946058213710785,3
1151,1:35:55,eurcoo,0.036095768213272095,4
1151,1:35:55,watrai1,0.02779206447303295,5
1152,1:36:00,tawowl1,0.07330572605133057,1
1152,1:36:00,eueowl1,0.05648217722773552,2
1152,1:36:00,commoo3,0.05239252373576164,3
1152,1:36:00,watrai1,0.04329337924718857,4
1152,1:36:00,loeowl,0.04229721799492836,5
1153,1:36:05,tawowl1,0.052094049751758575,1
1153,1:36:05,loeowl,0.049502287060022354,2
1153,1:36:05,eurcoo,0.044749386608600616,3
1153,1:36:05,eueowl1,0.044449832290410995,4
1153,1:36:05,commoo3,0.04082616791129112,5
1154,1:36:10,tawowl1,0.07166396826505661,1
1154,1:36:10,loeowl,0.046477340161800385,2
1154,1:36:10,eueowl1,0.03694652393460274,3
1154,1:36:10,ortbun1,0.022411692887544632,4
1154,1:36:10,brnowl,0.02125430665910244,5
1155,1:36:15,tawowl1,0.06892014294862747,1
1155,1:36:15,eueowl1,0.048073217272758484,2
1155,1:36:15,commoo3,0.044634297490119934,3
1155,1:36:15,loeowl,0.03614577651023865,4
1155,1:36:15,watrai1,0.022508075460791588,5
1156,1:36:20,tawowl1,0.06638909131288528,1
1156,1:36:20,eurcoo,0.05455147475004196,2
1156,1:36:20,eueowl1,0.046211373060941696,3
1156,1:36:20,commoo3,0.02987757697701454,4
1156,1:36:20,watrai1,0.028480278328061104,5
1157,1:36:25,watrai1,0.07206136733293533,1
1157,1:36:25,eurcoo,0.043722718954086304,2
1157,1:36:25,tawowl1,0.03171703964471817,3
1157,1:36:25,litbit1,0.025797801092267036,4
1157,1:36:25,eueowl1,0.02351536601781845,5
1158,1:36:30,brnowl,0.08002375811338425,1
1158,1:36:30,ortbun1,0.025398878380656242,2
1158,1:36:30,tawowl1,0.024760108441114426,3
1158,1:36:30,litowl1,0.015143856406211853,4
1158,1:36:30,whimbr,0.01240385789424181,5
1159,1:36:35,loeowl,0.1427476704120636,1
1159,1:36:35,tawowl1,0.03889790177345276,2
1159,1:36:35,brnowl,0.026871366426348686,3
1159,1:36:35,litowl1,0.01781459152698517,4
1159,1:36:35,ortbun1,0.015883535146713257,5
1160,1:36:40,tawowl1,0.07570845633745193,1
1160,1:36:40,eueowl1,0.048165176063776016,2
1160,1:36:40,loeowl,0.03274162858724594,3
1160,1:36:40,eurcoo,0.025159789249300957,4
1160,1:36:40,commoo3,0.02460648864507675,5
1161,1:36:45,tawowl1,0.05195433273911476,1
1161,1:36:45,eueowl1,0.040497224777936935,2
1161,1:36:45,eurnig1,0.04026990383863449,3
1161,1:36:45,commoo3,0.029460672289133072,4
1161,1:36:45,ortbun1,0.02794155851006508,5
1162,1:36:50,eurnig1,0.11732770502567291,1
1162,1:36:50,brnowl,0.10584723204374313,2
1162,1:36:50,wesowl1,0.05958477780222893,3
1162,1:36:50,eueowl1,0.05094749107956886,4
1162,1:36:50,commoo3,0.043791066855192184,5
1163,1:36:55,commoo3,0.05637873336672783,1
1163,1:36:55,tawowl1,0.054980386048555374,2
1163,1:36:55,eueowl1,0.051384810358285904,3
1163,1:36:55,eurcoo,0.042647022753953934,4
1163,1:36:55,watrai1,0.030874373391270638,5
1164,1:37:00,eueowl1,0.12471003830432892,1
1164,1:37:00,loeowl,0.06832035630941391,2
1164,1:37:00,tawowl1,0.04002762585878372,3
1164,1:37:00,watrai1,0.03490569069981575,4
1164,1:37:00,brnowl,0.02419538050889969,5
1165,1:37:05,tawowl1,0.03804757073521614,1
1165,1:37:05,eueowl1,0.03372761979699135,2
1165,1:37:05,yellow2,0.03159539774060249,3
1165,1:37:05,loeowl,0.021610265597701073,4
1165,1:37:05,watrai1,0.016927840188145638,5
1166,1:37:10,brnowl,0.22785833477973938,1
1166,1:37:10,litowl1,0.039214055985212326,2
1166,1:37:10,loeowl,0.02324214018881321,3
1166,1:37:10,tawowl1,0.02193322405219078,4
1166,1:37:10,warvir,0.020089171826839447,5
1167,1:37:15,litowl1,0.43300798535346985,1
1167,1:37:15,brnowl,0.02819298394024372,2
1167,1:37:15,grefla3,0.024823617190122604,3
1167,1:37:15,loeowl,0.01838352531194687,4
1167,1:37:15,tawowl1,0.012185401283204556,5
1168,1:37:20,jacsni,0.057679541409015656,1
1168,1:37:20,grefla3,0.04327293485403061,2
1168,1:37:20,commoo3,0.03978006914258003,3
1168,1:37:20,norsho,0.038734931498765945,4
1168,1:37:20,eurcoo,0.020399125292897224,5
1169,1:37:25,loeowl,0.11016009002923965,1
1169,1:37:25,tawowl1,0.056757330894470215,2
1169,1:37:25,commoo3,0.051792245358228683,3
1169,1:37:25,eueowl1,0.05051767826080322,4
1169,1:37:25,comrav,0.030949966982007027,5
1170,1:37:30,brnowl,0.2751321792602539,1
1170,1:37:30,tawowl1,0.06707560271024704,2
1170,1:37:30,litowl1,0.056117597967386246,3
1170,1:37:30,eueowl1,0.05173610523343086,4
1170,1:37:30,loeowl,0.029748640954494476,5
1171,1:37:35,loeowl,0.07002440840005875,1
1171,1:37:35,watrai1,0.061442650854587555,2
1171,1:37:35,eurcoo,0.052961315959692,3
1171,1:37:35,eueowl1,0.051002658903598785,4
1171,1:37:35,tawowl1,0.047411803156137466,5
1172,1:37:40,tawowl1,0.07904963195323944,1
1172,1:37:40,commoo3,0.05722959339618683,2
1172,1:37:40,eurcoo,0.036787621676921844,3
1172,1:37:40,eueowl1,0.03600907325744629,4
1172,1:37:40,loeowl,0.0354873351752758,5
1173,1:37:45,tawowl1,0.06112845614552498,1
1173,1:37:45,loeowl,0.0353655181825161,2
1173,1:37:45,eueowl1,0.030617034062743187,3
1173,1:37:45,watrai1,0.02688692882657051,4
1173,1:37:45,brnowl,0.023087559267878532,5
1174,1:37:50,eurnig1,0.025200584903359413,1
1174,1:37:50,tawowl1,0.024515727534890175,2
1174,1:37:50,eueowl1,0.022395387291908264,3
1174,1:37:50,brnowl,0.018338365480303764,4
1174,1:37:50,comrav,0.013674870133399963,5
1175,1:37:55,tawowl1,0.06057673320174217,1
1175,1:37:55,brnowl,0.04728727042675018,2
1175,1:37:55,loeowl,0.03622861206531525,3
1175,1:37:55,eurrob1,0.023488154634833336,4
1175,1:37:55,eurjay1,0.02256421186029911,5
1176,1:38:00,tawowl1,0.10509896278381348,1
1176,1:38:00,eurcoo,0.06496639549732208,2
1176,1:38:00,commoo3,0.05789070576429367,3
1176,1:38:00,watrai1,0.04361638426780701,4
1176,1:38:00,eueowl1,0.03744003549218178,5
1177,1:38:05,tawowl1,0.04585651680827141,1
1177,1:38:05,loeowl,0.038431841880083084,2
1177,1:38:05,watrai1,0.027690058574080467,3
1177,1:38:05,eueowl1,0.024398112669587135,4
1177,1:38:05,commoo3,0.024230025708675385,5
1178,1:38:10,tawowl1,0.13372495770454407,1
1178,1:38:10,loeowl,0.12154944986104965,2
1178,1:38:10,brnowl,0.12030240148305893,3
1178,1:38:10,eueowl1,0.11490065604448318,4
1178,1:38:10,litowl1,0.05932459235191345,5
1179,1:38:15,spofly1,0.16593949496746063,1
1179,1:38:15,tawowl1,0.09646580368280411,2
1179,1:38:15,loeowl,0.09490326792001724,3
1179,1:38:15,eurrob1,0.02486065775156021,4
1179,1:38:15,buggna,0.021748026832938194,5
1180,1:38:20,tawowl1,0.06704575568437576,1
1180,1:38:20,brnowl,0.05546073988080025,2
1180,1:38:20,eueowl1,0.038741957396268845,3
1180,1:38:20,watrai1,0.0369267500936985,4
1180,1:38:20,loeowl,0.035545360296964645,5
1181,1:38:25,shtgro,0.4413680136203766,1
1181,1:38:25,gresku1,0.0842784196138382,2
1181,1:38:25,categr,0.04971683770418167,3
1181,1:38:25,waldra1,0.045088451355695724,4
1181,1:38:25,manshe,0.028399720788002014,5
1182,1:38:30,litowl1,0.13300898671150208,1
1182,1:38:30,brnowl,0.07531259953975677,2
1182,1:38:30,tawowl1,0.05158822238445282,3
1182,1:38:30,eueowl1,0.029267502948641777,4
1182,1:38:30,loeowl,0.019478945061564445,5
1183,1:38:35,litowl1,0.1181270182132721,1
1183,1:38:35,brnowl,0.11596332490444183,2
1183,1:38:35,loeowl,0.04509804770350456,3
1183,1:38:35,brdowl,0.025730779394507408,4
1183,1:38:35,comsan,0.020266005769371986,5
1184,1:38:40,litowl1,0.513286828994751,1
1184,1:38:40,brnowl,0.04344071075320244,2
1184,1:38:40,eurgre1,0.02493390068411827,3
1184,1:38:40,eueowl1,0.017417510971426964,4
1184,1:38:40,spotow,0.015206709504127502,5
1185,1:38:45,tawowl1,0.07222886383533478,1
1185,1:38:45,eurrob1,0.0289903674274683,2
1185,1:38:45,brnowl,0.027192749083042145,3
1185,1:38:45,loeowl,0.026737453415989876,4
1185,1:38:45,watrai1,0.025971194729208946,5
1186,1:38:50,tawowl1,0.06564483046531677,1
1186,1:38:50,loeowl,0.041899945586919785,2
1186,1:38:50,commoo3,0.03625882789492607,3
1186,1:38:50,watrai1,0.031760524958372116,4
1186,1:38:50,eueowl1,0.028658725321292877,5
1187,1:38:55,tawowl1,0.04160995036363602,1
1187,1:38:55,whrswi1,0.031038427725434303,2
1187,1:38:55,eueowl1,0.019103707745671272,3
1187,1:38:55,eurnig1,0.01807546801865101,4
1187,1:38:55,comrav,0.015536547638475895,5
1188,1:39:00,eueowl1,0.051060933619737625,1
1188,1:39:00,tawowl1,0.03706861287355423,2
1188,1:39:00,eurnig1,0.033006031066179276,3
1188,1:39:00,brnowl,0.03243580460548401,4
1188,1:39:00,commoo3,0.030031869187951088,5
1189,1:39:05,tawowl1,0.05896422266960144,1
1189,1:39:05,loeowl,0.05140897259116173,2
1189,1:39:05,eurnig1,0.04284123331308365,3
1189,1:39:05,eueowl1,0.04204458370804787,4
1189,1:39:05,commoo3,0.03792442008852959,5
1190,1:39:10,commoo3,0.054552920162677765,1
1190,1:39:10,watrai1,0.053938575088977814,2
1190,1:39:10,brant,0.050020091235637665,3
1190,1:39:10,grecor,0.03584619611501694,4
1190,1:39:10,tawowl1,0.030013328418135643,5
1191,1:39:15,loeowl,0.10035388916730881,1
1191,1:39:15,tawowl1,0.06767378747463226,2
1191,1:39:15,watrai1,0.044552989304065704,3
1191,1:39:15,eurcoo,0.04337137192487717,4
1191,1:39:15,eueowl1,0.033237673342227936,5
1192,1:39:20,loeowl,0.199571430683136,1
1192,1:39:20,eurrob1,0.03515608236193657,2
1192,1:39:20,comrav,0.03163514658808708,3
1192,1:39:20,goldcr1,0.029093997552990913,4
1192,1:39:20,eurbla,0.02824574150145054,5
1193,1:39:25,eurnig1,0.083697609603405,1
1193,1:39:25,tawowl1,0.05888925492763519,2
1193,1:39:25,commoo3,0.047908149659633636,3
1193,1:39:25,eurcoo,0.04452934488654137,4
1193,1:39:25,loeowl,0.0440252423286438,5
1194,1:39:30,tawowl1,0.08554377406835556,1
1194,1:39:30,eueowl1,0.06117754802107811,2
1194,1:39:30,grebit1,0.05617484450340271,3
1194,1:39:30,loeowl,0.038877248764038086,4
1194,1:39:30,watrai1,0.030043097212910652,5
1195,1:39:35,comqua1,0.07729453593492508,1
1195,1:39:35,commoo3,0.07342232763767242,2
1195,1:39:35,tawowl1,0.052895721048116684,3
1195,1:39:35,eurcoo,0.04868991672992706,4
1195,1:39:35,watrai1,0.0401233546435833,5
1196,1:39:40,sonthr1,0.05366611108183861,1
1196,1:39:40,loeowl,0.04263122007250786,2
1196,1:39:40,tawowl1,0.03396829962730408,3
1196,1:39:40,eurrob1,0.03199940547347069,4
1196,1:39:40,watrai1,0.022751623764634132,5
1197,1:39:45,tawowl1,0.07635067403316498,1
1197,1:39:45,loeowl,0.04694076254963875,2
1197,1:39:45,eueowl1,0.04212931543588638,3
1197,1:39:45,brnowl,0.03945581987500191,4
1197,1:39:45,eurcoo,0.032497648149728775,5
1198,1:39:50,tawowl1,0.05786725878715515,1
1198,1:39:50,loeowl,0.05023390054702759,2
1198,1:39:50,eueowl1,0.030697990208864212,3
1198,1:39:50,watrai1,0.0300397127866745,4
1198,1:39:50,eurcoo,0.029934577643871307,5
1199,1:39:55,eurcoo,0.046623729169368744,1
1199,1:39:55,tawowl1,0.03972499445080757,2
1199,1:39:55,commoo3,0.03513019531965256,3
1199,1:39:55,eurnig1,0.026125429198145866,4
1199,1:39:55,loeowl,0.023803872987627983,5
1200,1:40:00,tawowl1,0.09187611937522888,1
1200,1:40:00,brnowl,0.08521066606044769,2
1200,1:40:00,loeowl,0.04546292871236801,3
1200,1:40:00,eueowl1,0.031149985268712044,4
1200,1:40:00,commoo3,0.026468321681022644,5
1201,1:40:05,tawowl1,0.12757590413093567,1
1201,1:40:05,loeowl,0.06830665469169617,2
1201,1:40:05,commoo3,0.06497109681367874,3
1201,1:40:05,eurcoo,0.05308881402015686,4
1201,1:40:05,eueowl1,0.030682435259222984,5
1202,1:40:10,tawowl1,0.09027151018381119,1
1202,1:40:10,commoo3,0.07626143842935562,2
1202,1:40:10,eurcoo,0.07056888937950134,3
1202,1:40:10,loeowl,0.0701432153582573,4
1202,1:40:10,eueowl1,0.043488964438438416,5
1203,1:40:15,tawowl1,0.07302509248256683,1
1203,1:40:15,loeowl,0.059093743562698364,2
1203,1:40:15,eueowl1,0.05018898844718933,3
1203,1:40:15,commoo3,0.04451525956392288,4
1203,1:40:15,eurcoo,0.03185461461544037,5
1204,1:40:20,tawowl1,0.0838760957121849,1
1204,1:40:20,eueowl1,0.05531230568885803,2
1204,1:40:20,eurcoo,0.046618979424238205,3
1204,1:40:20,loeowl,0.04332583770155907,4
1204,1:40:20,watrai1,0.0318274162709713,5
1205,1:40:25,commoo3,0.07929201424121857,1
1205,1:40:25,tawowl1,0.0710301622748375,2
1205,1:40:25,eurnig1,0.06266855448484421,3
1205,1:40:25,eurcoo,0.03704827278852463,4
1205,1:40:25,eueowl1,0.036777764558792114,5
1206,1:40:30,tawowl1,0.1953892558813095,1
1206,1:40:30,ortbun1,0.035132620483636856,2
1206,1:40:30,eurnig1,0.031646303832530975,3
1206,1:40:30,eurcoo,0.03132235258817673,4
1206,1:40:30,brnowl,0.02903144806623459,5
1207,1:40:35,tawowl1,0.09076298028230667,1
1207,1:40:35,commoo3,0.07828646898269653,2
1207,1:40:35,eurcoo,0.05751747637987137,3
1207,1:40:35,loeowl,0.04823870584368706,4
1207,1:40:35,eueowl1,0.047786079347133636,5
1208,1:40:40,sonthr1,0.07860437035560608,1
1208,1:40:40,tawowl1,0.0652521550655365,2
1208,1:40:40,loeowl,0.057185281068086624,3
1208,1:40:40,eueowl1,0.03494513779878616,4
1208,1:40:40,commoo3,0.034168392419815063,5
1209,1:40:45,eurcoo,0.08055157214403152,1
1209,1:40:45,commoo3,0.07548587024211884,2
1209,1:40:45,eurnig1,0.07371228188276291,3
1209,1:40:45,tawowl1,0.054868217557668686,4
1209,1:40:45,eueowl1,0.041811831295490265,5
1210,1:40:50,commoo3,0.06098398566246033,1
1210,1:40:50,tawowl1,0.05166436731815338,2
1210,1:40:50,watrai1,0.045811887830495834,3
1210,1:40:50,grebit1,0.04250738024711609,4
1210,1:40:50,eueowl1,0.0378878079354763,5
1211,1:40:55,tawowl1,0.06823495030403137,1
1211,1:40:55,loeowl,0.0680771991610527,2
1211,1:40:55,eurbla,0.04352898523211479,3
1211,1:40:55,eurrob1,0.042888104915618896,4
1211,1:40:55,eueowl1,0.040374331176280975,5
1212,1:41:00,tawowl1,0.07766789197921753,1
1212,1:41:00,commoo3,0.05064374953508377,2
1212,1:41:00,eueowl1,0.04265923053026199,3
1212,1:41:00,loeowl,0.0407647006213665,4
1212,1:41:00,comqua1,0.03769683465361595,5
1213,1:41:05,tawowl1,0.0657682940363884,1
1213,1:41:05,eurcoo,0.05412321165204048,2
1213,1:41:05,commoo3,0.05329279601573944,3
1213,1:41:05,loeowl,0.04764537140727043,4
1213,1:41:05,eueowl1,0.03467114269733429,5
1214,1:41:10,commoo3,0.05562429875135422,1
1214,1:41:10,eurnig1,0.055472973734140396,2
1214,1:41:10,tawowl1,0.04564919322729111,3
1214,1:41:10,eueowl1,0.04261724278330803,4
1214,1:41:10,eurcoo,0.03324013575911522,5
1215,1:41:15,tawowl1,0.15159229934215546,1
1215,1:41:15,commoo3,0.0866798609495163,2
1215,1:41:15,eurcoo,0.05761311575770378,3
1215,1:41:15,loeowl,0.043507929891347885,4
1215,1:41:15,eueowl1,0.043110620230436325,5
1216,1:41:20,commoo3,0.05906207859516144,1
1216,1:41:20,tawowl1,0.05486105754971504,2
1216,1:41:20,eueowl1,0.041397515684366226,3
1216,1:41:20,eurrob1,0.04111931473016739,4
1216,1:41:20,loeowl,0.03420425206422806,5
1217,1:41:25,eueowl1,0.06814208626747131,1
1217,1:41:25,loeowl,0.06249148026108742,2
1217,1:41:25,tawowl1,0.05384674295783043,3
1217,1:41:25,watrai1,0.033617325127124786,4
1217,1:41:25,brnowl,0.026687905192375183,5
1218,1:41:30,tawowl1,0.06685235351324081,1
1218,1:41:30,loeowl,0.06466983258724213,2
1218,1:41:30,eueowl1,0.05615802854299545,3
1218,1:41:30,eurcoo,0.048320472240448,4
1218,1:41:30,watrai1,0.04250124841928482,5
1219,1:41:35,tawowl1,0.1152576431632042,1
1219,1:41:35,eueowl1,0.05307142809033394,2
1219,1:41:35,commoo3,0.04114435613155365,3
1219,1:41:35,loeowl,0.04064977169036865,4
1219,1:41:35,watrai1,0.029934227466583252,5
1220,1:41:40,eurnut1,0.07762176543474197,1
1220,1:41:40,loeowl,0.07286467403173447,2
1220,1:41:40,brnowl,0.0528576523065567,3
1220,1:41:40,souboo2,0.02960049733519554,4
1220,1:41:40,eurjay1,0.029184846207499504,5
1221,1:41:45,tawowl1,0.06348489969968796,1
1221,1:41:45,watrai1,0.06287776678800583,2
1221,1:41:45,eurcoo,0.0501103550195694,3
1221,1:41:45,eueowl1,0.04474072530865669,4
1221,1:41:45,commoo3,0.03672463819384575,5
1222,1:41:50,tawowl1,0.08170902729034424,1
1222,1:41:50,watrai1,0.04222560673952103,2
1222,1:41:50,eueowl1,0.0336201936006546,3
1222,1:41:50,eurcoo,0.030585438013076782,4
1222,1:41:50,loeowl,0.02762281335890293,5
1223,1:41:55,eueowl1,0.06347165256738663,1
1223,1:41:55,loeowl,0.05577826872467995,2
1223,1:41:55,tawowl1,0.03003983572125435,3
1223,1:41:55,commoo3,0.024343809112906456,4
1223,1:41:55,watrai1,0.023707475513219833,5
1224,1:42:00,loeowl,0.07971974462270737,1
1224,1:42:00,tawowl1,0.06955897808074951,2
1224,1:42:00,eueowl1,0.052447106689214706,3
1224,1:42:00,watrai1,0.04405926913022995,4
1224,1:42:00,commoo3,0.03842465206980705,5
1225,1:42:05,tawowl1,0.08855163305997849,1
1225,1:42:05,eueowl1,0.06495857983827591,2
1225,1:42:05,watrai1,0.05948073789477348,3
1225,1:42:05,loeowl,0.04230774939060211,4
1225,1:42:05,eurcoo,0.03903001546859741,5
1226,1:42:10,tawowl1,0.06213274225592613,1
1226,1:42:10,eueowl1,0.04719069227576256,2
1226,1:42:10,eurcoo,0.04502512142062187,3
1226,1:42:10,watrai1,0.041090261191129684,4
1226,1:42:10,commoo3,0.03730584681034088,5
1227,1:42:15,tawowl1,0.06129710003733635,1
1227,1:42:15,eueowl1,0.05448208749294281,2
1227,1:42:15,loeowl,0.03787514567375183,3
1227,1:42:15,watrai1,0.03531789407134056,4
1227,1:42:15,rinphe,0.026118015870451927,5
1228,1:42:20,tawowl1,0.1387014240026474,1
1228,1:42:20,comrav,0.0505688413977623,2
1228,1:42:20,loeowl,0.04387408122420311,3
1228,1:42:20,eueowl1,0.036923132836818695,4
1228,1:42:20,eurcoo,0.032270368188619614,5
1229,1:42:25,tawowl1,0.10374242812395096,1
1229,1:42:25,loeowl,0.0585128590464592,2
1229,1:42:25,eueowl1,0.04564199224114418,3
1229,1:42:25,eurrob1,0.020441671833395958,4
1229,1:42:25,commoo3,0.018345879390835762,5
1230,1:42:30,eurtre1,0.3991714119911194,1
1230,1:42:30,redwin,0.1467323750257492,2
1230,1:42:30,shttre1,0.08014356344938278,3
1230,1:42:30,eurbla,0.049170613288879395,4
1230,1:42:30,brncre,0.034160420298576355,5
1231,1:42:35,tawowl1,0.06800736486911774,1
1231,1:42:35,loeowl,0.04631616547703743,2
1231,1:42:35,eueowl1,0.04416413977742195,3
1231,1:42:35,commoo3,0.034475892782211304,4
1231,1:42:35,eurcoo,0.027080170810222626,5
1232,1:42:40,tawowl1,0.12920555472373962,1
1232,1:42:40,loeowl,0.06467059999704361,2
1232,1:42:40,eurcoo,0.04118034988641739,3
1232,1:42:40,eueowl1,0.037121329456567764,4
1232,1:42:40,commoo3,0.035761311650276184,5
1233,1:42:45,tawowl1,0.1134410947561264,1
1233,1:42:45,eurcoo,0.08104975521564484,2
1233,1:42:45,commoo3,0.061099566519260406,3
1233,1:42:45,loeowl,0.0580676831305027,4
1233,1:42:45,eurnig1,0.042880021035671234,5
1234,1:42:50,tawowl1,0.27474245429039,1
1234,1:42:50,loeowl,0.048400405794382095,2
1234,1:42:50,commoo3,0.04757848381996155,3
1234,1:42:50,eurcoo,0.042042750865221024,4
1234,1:42:50,eueowl1,0.04078448936343193,5
1235,1:42:55,eurrob1,0.25294530391693115,1
1235,1:42:55,eurtre1,0.11110077798366547,2
1235,1:42:55,loeowl,0.05497687682509422,3
1235,1:42:55,eurbla,0.04408378154039383,4
1235,1:42:55,goldcr1,0.04251261427998543,5
1236,1:43:00,tawowl1,0.17786987125873566,1
1236,1:43:00,loeowl,0.10633353888988495,2
1236,1:43:00,eurcoo,0.06091597303748131,3
1236,1:43:00,eueowl1,0.0392463319003582,4
1236,1:43:00,brnowl,0.03645928576588631,5
1237,1:43:05,brnowl,0.0592995211482048,1
1237,1:43:05,buwwar,0.043477702885866165,2
1237,1:43:05,redwin,0.03902000933885574,3
1237,1:43:05,tawowl1,0.03133639693260193,4
1237,1:43:05,eueowl1,0.029424790292978287,5
1238,1:43:10,commoo3,0.10082104802131653,1
1238,1:43:10,eurnig1,0.06817387789487839,2
1238,1:43:10,eurcoo,0.05706489086151123,3
1238,1:43:10,tawowl1,0.055878762155771255,4
1238,1:43:10,loeowl,0.037237510085105896,5
1239,1:43:15,tawowl1,0.12869960069656372,1
1239,1:43:15,loeowl,0.052761487662792206,2
1239,1:43:15,eurnig1,0.0520797036588192,3
1239,1:43:15,commoo3,0.04828512296080589,4
1239,1:43:15,grebit1,0.04618722200393677,5
1240,1:43:20,commoo3,0.11921127885580063,1
1240,1:43:20,tawowl1,0.08775531500577927,2
1240,1:43:20,eurcoo,0.06202331557869911,3
1240,1:43:20,watrai1,0.0507800430059433,4
1240,1:43:20,eueowl1,0.034746747463941574,5
1241,1:43:25,commoo3,0.07169455289840698,1
1241,1:43:25,eurcoo,0.06759106367826462,2
1241,1:43:25,eueowl1,0.05517220497131348,3
1241,1:43:25,tawowl1,0.04756195843219757,4
1241,1:43:25,watrai1,0.04489206522703171,5
1242,1:43:30,eurrob1,0.07427239418029785,1
1242,1:43:30,tawowl1,0.052478522062301636,2
1242,1:43:30,hawfin,0.037813521921634674,3
1242,1:43:30,eurnig1,0.028478490188717842,4
1242,1:43:30,loeowl,0.023535190150141716,5
1243,1:43:35,eurrob1,0.28482356667518616,1
1243,1:43:35,goldcr1,0.074997678399086,2
1243,1:43:35,eurbla,0.03723384439945221,3
1243,1:43:35,eurtre1,0.031361062079668045,4
1243,1:43:35,tawowl1,0.030388865619897842,5
1244,1:43:40,tawowl1,0.0753081813454628,1
1244,1:43:40,eurcoo,0.06350493431091309,2
1244,1:43:40,commoo3,0.0570402555167675,3
1244,1:43:40,loeowl,0.04678728058934212,4
1244,1:43:40,watrai1,0.03483409807085991,5
1245,1:43:45,tawowl1,0.07767773419618607,1
1245,1:43:45,eurcoo,0.06985709071159363,2
1245,1:43:45,loeowl,0.06219315901398659,3
1245,1:43:45,commoo3,0.057354241609573364,4
1245,1:43:45,eurnig1,0.03854237124323845,5
1246,1:43:50,tawowl1,0.10074508190155029,1
1246,1:43:50,loeowl,0.06403833627700806,2
1246,1:43:50,commoo3,0.040500707924366,3
1246,1:43:50,eurcoo,0.03704600781202316,4
1246,1:43:50,eueowl1,0.03486640006303787,5
1247,1:43:55,tawowl1,0.08872552961111069,1
1247,1:43:55,commoo3,0.0804092288017273,2
1247,1:43:55,loeowl,0.05528470501303673,3
1247,1:43:55,eurcoo,0.05246235057711601,4
1247,1:43:55,eueowl1,0.03646675869822502,5
1248,1:44:00,tawowl1,0.11195473372936249,1
1248,1:44:00,eurcoo,0.08764292299747467,2
1248,1:44:00,commoo3,0.08310580253601074,3
1248,1:44:00,loeowl,0.08263338357210159,4
1248,1:44:00,watrai1,0.03317847102880478,5
1249,1:44:05,tawowl1,0.10990738123655319,1
1249,1:44:05,loeowl,0.08097213506698608,2
1249,1:44:05,eurcoo,0.048496995121240616,3
1249,1:44:05,commoo3,0.04538402333855629,4
1249,1:44:05,eueowl1,0.036003585904836655,5
1250,1:44:10,tawowl1,0.11748305708169937,1
1250,1:44:10,loeowl,0.0693785697221756,2
1250,1:44:10,commoo3,0.05452535301446915,3
1250,1:44:10,eurnig1,0.04450339078903198,4
1250,1:44:10,eueowl1,0.03726878762245178,5
1251,1:44:15,tawowl1,0.08447934687137604,1
1251,1:44:15,loeowl,0.04693378880620003,2
1251,1:44:15,eueowl1,0.0464511401951313,3
1251,1:44:15,commoo3,0.04294925183057785,4
1251,1:44:15,eurcoo,0.03874262422323227,5
1252,1:44:20,commoo3,0.060135915875434875,1
1252,1:44:20,tawowl1,0.05274040997028351,2
1252,1:44:20,grebit1,0.05041956156492233,3
1252,1:44:20,eueowl1,0.047842953354120255,4
1252,1:44:20,blksco1,0.03886725381016731,5
1253,1:44:25,eurcoo,0.07950899004936218,1
1253,1:44:25,graher1,0.052435800433158875,2
1253,1:44:25,tawowl1,0.04164349287748337,3
1253,1:44:25,commoo3,0.03974563255906105,4
1253,1:44:25,watrai1,0.038642071187496185,5
1254,1:44:30,tawowl1,0.05439796298742294,1
1254,1:44:30,loeowl,0.05109630897641182,2
1254,1:44:30,commoo3,0.04894668236374855,3
1254,1:44:30,eueowl1,0.04722902551293373,4
1254,1:44:30,eurnig1,0.03159627318382263,5
1255,1:44:35,tawowl1,0.07197220623493195,1
1255,1:44:35,loeowl,0.05467088147997856,2
1255,1:44:35,eueowl1,0.0497465580701828,3
1255,1:44:35,brnowl,0.04092366248369217,4
1255,1:44:35,commoo3,0.03989888355135918,5
1256,1:44:40,brnowl,0.06403806060552597,1
1256,1:44:40,eueowl1,0.03626295179128647,2
1256,1:44:40,misthr1,0.03439199551939964,3
1256,1:44:40,gretit1,0.030420780181884766,4
1256,1:44:40,commoo3,0.02920866385102272,5
1257,1:44:45,eurbla,0.11022903025150299,1
1257,1:44:45,eurrob1,0.10370669513940811,2
1257,1:44:45,loeowl,0.10208066552877426,3
1257,1:44:45,shttre1,0.05214814096689224,4
1257,1:44:45,watrai1,0.04853347688913345,5
1258,1:44:50,commoo3,0.0948619395494461,1
1258,1:44:50,tawowl1,0.0860583633184433,2
1258,1:44:50,eurcoo,0.052249591797590256,3
1258,1:44:50,watrai1,0.04526972770690918,4
1258,1:44:50,eurnig1,0.04488403722643852,5
1259,1:44:55,tawowl1,0.10609599202871323,1
1259,1:44:55,eurcoo,0.052962202578783035,2
1259,1:44:55,loeowl,0.05161801353096962,3
1259,1:44:55,commoo3,0.04368400573730469,4
1259,1:44:55,blksco1,0.0365731418132782,5
1260,1:45:00,tawowl1,0.10869981348514557,1
1260,1:45:00,loeowl,0.06949008256196976,2
1260,1:45:00,eurcoo,0.05767173692584038,3
1260,1:45:00,commoo3,0.04736337065696716,4
1260,1:45:00,watrai1,0.028784699738025665,5
1261,1:45:05,tawowl1,0.19358371198177338,1
1261,1:45:05,eurcoo,0.06031540036201477,2
1261,1:45:05,loeowl,0.05514620244503021,3
1261,1:45:05,commoo3,0.0340508408844471,4
1261,1:45:05,eueowl1,0.03241811692714691,5
1262,1:45:10,tawowl1,0.11485275626182556,1
1262,1:45:10,commoo3,0.05897544324398041,2
1262,1:45:10,eurcoo,0.05571024864912033,3
1262,1:45:10,watrai1,0.04474097117781639,4
1262,1:45:10,eueowl1,0.035160742700099945,5
1263,1:45:15,tawowl1,0.11590729653835297,1
1263,1:45:15,loeowl,0.0531383641064167,2
1263,1:45:15,eurcoo,0.04742495343089104,3
1263,1:45:15,commoo3,0.04582107067108154,4
1263,1:45:15,eueowl1,0.034709081053733826,5
1264,1:45:20,tawowl1,0.11675386130809784,1
1264,1:45:20,commoo3,0.06114783138036728,2
1264,1:45:20,eueowl1,0.0498482920229435,3
1264,1:45:20,loeowl,0.04980098828673363,4
1264,1:45:20,eurcoo,0.029402675107121468,5
1265,1:45:25,tawowl1,0.08251883089542389,1
1265,1:45:25,loeowl,0.05686569586396217,2
1265,1:45:25,eueowl1,0.05120910331606865,3
1265,1:45:25,commoo3,0.04176832735538483,4
1265,1:45:25,eurcoo,0.038689613342285156,5
1266,1:45:30,brnowl,0.8164303302764893,1
1266,1:45:30,litowl1,0.11565181612968445,2
1266,1:45:30,barowl28,0.005870519205927849,3
1266,1:45:30,tawowl1,0.004469104111194611,4
1266,1:45:30,loeowl,0.0038805741351097822,5
1267,1:45:35,tawowl1,0.08486609905958176,1
1267,1:45:35,eurcoo,0.04756014049053192,2
1267,1:45:35,loeowl,0.04619890823960304,3
1267,1:45:35,commoo3,0.04427015408873558,4
1267,1:45:35,eueowl1,0.03544549271464348,5
1268,1:45:40,tawowl1,0.09341643750667572,1
1268,1:45:40,eurcoo,0.05506758764386177,2
1268,1:45:40,loeowl,0.050010502338409424,3
1268,1:45:40,commoo3,0.04689822718501091,4
1268,1:45:40,eueowl1,0.03543326258659363,5
1269,1:45:45,tawowl1,0.10062120854854584,1
1269,1:45:45,commoo3,0.07424867153167725,2
1269,1:45:45,loeowl,0.06466840952634811,3
1269,1:45:45,eurcoo,0.062360603362321854,4
1269,1:45:45,eurnig1,0.05578736960887909,5
1270,1:45:50,tawowl1,0.0831756666302681,1
1270,1:45:50,eurnig1,0.07956146448850632,2
1270,1:45:50,eurcoo,0.05526316165924072,3
1270,1:45:50,commoo3,0.05146119371056557,4
1270,1:45:50,loeowl,0.0410156287252903,5
1271,1:45:55,tawowl1,0.07528229802846909,1
1271,1:45:55,commoo3,0.07136444002389908,2
1271,1:45:55,eurcoo,0.05756630003452301,3
1271,1:45:55,loeowl,0.05362938717007637,4
1271,1:45:55,eurnig1,0.045034170150756836,5
1272,1:46:00,tawowl1,0.09551247209310532,1
1272,1:46:00,commoo3,0.045060813426971436,2
1272,1:46:00,loeowl,0.04348522424697876,3
1272,1:46:00,eurcoo,0.04125533625483513,4
1272,1:46:00,eurnig1,0.032157763838768005,5
1273,1:46:05,tawowl1,0.08946920186281204,1
1273,1:46:05,eurcoo,0.059935055673122406,2
1273,1:46:05,loeowl,0.05813043937087059,3
1273,1:46:05,commoo3,0.049869049340486526,4
1273,1:46:05,eueowl1,0.040021058171987534,5
1274,1:46:10,loeowl,0.10606830567121506,1
1274,1:46:10,eurcoo,0.09595547616481781,2
1274,1:46:10,commoo3,0.056565042585134506,3
1274,1:46:10,tawowl1,0.05030736327171326,4
1274,1:46:10,watrai1,0.024938317015767097,5
1275,1:46:15,tawowl1,0.07132282108068466,1
1275,1:46:15,eurnig1,0.06626070290803909,2
1275,1:46:15,commoo3,0.0579502172768116,3
1275,1:46:15,loeowl,0.055376049131155014,4
1275,1:46:15,brnowl,0.039739057421684265,5
1276,1:46:20,tawowl1,0.08343212306499481,1
1276,1:46:20,loeowl,0.057887595146894455,2
1276,1:46:20,eueowl1,0.05674343183636665,3
1276,1:46:20,commoo3,0.036778587847948074,4
1276,1:46:20,eurcoo,0.02836551144719124,5
1277,1:46:25,redwin,0.10070302337408066,1
1277,1:46:25,tawowl1,0.06005655601620674,2
1277,1:46:25,brnowl,0.04738672450184822,3
1277,1:46:25,eurbla,0.04705693945288658,4
1277,1:46:25,commoo3,0.02993539348244667,5
1278,1:46:30,tawowl1,0.08240170031785965,1
1278,1:46:30,eurcoo,0.06429040431976318,2
1278,1:46:30,commoo3,0.052687205374240875,3
1278,1:46:30,loeowl,0.03922233730554581,4
1278,1:46:30,watrai1,0.037155307829380035,5
1279,1:46:35,tawowl1,0.06147703900933266,1
1279,1:46:35,commoo3,0.050740692764520645,2
1279,1:46:35,eurcoo,0.050206251442432404,3
1279,1:46:35,loeowl,0.04632427543401718,4
1279,1:46:35,eurrob1,0.03357962518930435,5
1280,1:46:40,commoo3,0.08580923825502396,1
1280,1:46:40,tawowl1,0.08395789563655853,2
1280,1:46:40,eurcoo,0.059093084186315536,3
1280,1:46:40,loeowl,0.0397159680724144,4
1280,1:46:40,eueowl1,0.033989664167165756,5
1281,1:46:45,tawowl1,0.09903308749198914,1
1281,1:46:45,loeowl,0.06893660873174667,2
1281,1:46:45,eueowl1,0.06843994557857513,3
1281,1:46:45,eurcoo,0.042176950722932816,4
1281,1:46:45,brnowl,0.033033501356840134,5
1282,1:46:50,tawowl1,0.05940099060535431,1
1282,1:46:50,eurcoo,0.048799555748701096,2
1282,1:46:50,eueowl1,0.04568003863096237,3
1282,1:46:50,commoo3,0.03511496260762215,4
1282,1:46:50,watrai1,0.03459880128502846,5
1283,1:46:55,brnowl,0.2962357699871063,1
1283,1:46:55,tawowl1,0.07086420059204102,2
1283,1:46:55,loeowl,0.04979102313518524,3
1283,1:46:55,litowl1,0.04741401597857475,4
1283,1:46:55,barowl28,0.020938528701663017,5
1284,1:47:00,brnowl,0.22685176134109497,1
1284,1:47:00,litowl1,0.08128716796636581,2
1284,1:47:00,tawowl1,0.029138954356312752,3
1284,1:47:00,barowl28,0.020628521218895912,4
1284,1:47:00,eueowl1,0.017036190256476402,5
1285,1:47:05,tawowl1,0.06299708783626556,1
1285,1:47:05,eueowl1,0.055567435920238495,2
1285,1:47:05,watrai1,0.04194679483771324,3
1285,1:47:05,brnowl,0.02675699256360531,4
1285,1:47:05,commoo3,0.02200700342655182,5
1286,1:47:10,litowl1,0.04880736023187637,1
1286,1:47:10,tawowl1,0.04186397045850754,2
1286,1:47:10,brnowl,0.03684311732649803,3
1286,1:47:10,spofly1,0.028104741126298904,4
1286,1:47:10,eurrob1,0.018057402223348618,5
1287,1:47:15,litowl1,0.2261916995048523,1
1287,1:47:15,brnowl,0.11826780438423157,2
1287,1:47:15,loeowl,0.022900108247995377,3
1287,1:47:15,tawowl1,0.02218049019575119,4
1287,1:47:15,norsho,0.020034028217196465,5
1288,1:47:20,jacsni,0.0439581535756588,1
1288,1:47:20,waldra1,0.034753985702991486,2
1288,1:47:20,tawowl1,0.021471893414855003,3
1288,1:47:20,norsho,0.020735489204525948,4
1288,1:47:20,commoo3,0.020500702783465385,5
1289,1:47:25,eueowl1,0.08291507512331009,1
1289,1:47:25,commoo3,0.06215288117527962,2
1289,1:47:25,loeowl,0.06142992526292801,3
1289,1:47:25,watrai1,0.029271738603711128,4
1289,1:47:25,tawowl1,0.026931673288345337,5
1290,1:47:30,loeowl,0.0803498774766922,1
1290,1:47:30,tawowl1,0.06218453496694565,2
1290,1:47:30,eueowl1,0.04102510213851929,3
1290,1:47:30,watrai1,0.04018053412437439,4
1290,1:47:30,eurcoo,0.03536320477724075,5
1291,1:47:35,tawowl1,0.0796465054154396,1
1291,1:47:35,eueowl1,0.04738819971680641,2
1291,1:47:35,watrai1,0.029580378904938698,3
1291,1:47:35,commoo3,0.027789996936917305,4
1291,1:47:35,eurcoo,0.027365783229470253,5
1292,1:47:40,tawowl1,0.06348882615566254,1
1292,1:47:40,eueowl1,0.03769218549132347,2
1292,1:47:40,commoo3,0.03502870351076126,3
1292,1:47:40,eurcoo,0.029664302244782448,4
1292,1:47:40,comqua1,0.02859782986342907,5
1293,1:47:45,loeowl,0.07769231498241425,1
1293,1:47:45,tawowl1,0.06394629925489426,2
1293,1:47:45,eueowl1,0.05880976840853691,3
1293,1:47:45,commoo3,0.025017162784934044,4
1293,1:47:45,watrai1,0.024598821997642517,5
1294,1:47:50,tawowl1,0.07343731075525284,1
1294,1:47:50,watrai1,0.059552621096372604,2
1294,1:47:50,eurnig1,0.05771476402878761,3
1294,1:47:50,eueowl1,0.04713740199804306,4
1294,1:47:50,eurcoo,0.04518606513738632,5
1295,1:47:55,watrai1,0.06414029002189636,1
1295,1:47:55,tawowl1,0.04978925734758377,2
1295,1:47:55,commoo3,0.04106241837143898,3
1295,1:47:55,eurcoo,0.04078361764550209,4
1295,1:47:55,eueowl1,0.0323665626347065,5
1296,1:48:00,eueowl1,0.08036687225103378,1
1296,1:48:00,tawowl1,0.06048710644245148,2
1296,1:48:00,loeowl,0.06020534038543701,3
1296,1:48:00,watrai1,0.0445866733789444,4
1296,1:48:00,commoo3,0.031066827476024628,5
1297,1:48:05,tawowl1,0.05164097994565964,1
1297,1:48:05,eurcoo,0.02741030789911747,2
1297,1:48:05,rinphe,0.02515740692615509,3
1297,1:48:05,comcra,0.02276659943163395,4
1297,1:48:05,watrai1,0.021195316687226295,5
1298,1:48:10,tawowl1,0.07452935725450516,1
1298,1:48:10,eueowl1,0.05167888104915619,2
1298,1:48:10,commoo3,0.03079528547823429,3
1298,1:48:10,eurcoo,0.02677910402417183,4
1298,1:48:10,grebit1,0.022926662117242813,5
1299,1:48:15,comrav,0.09157366305589676,1
1299,1:48:15,tawowl1,0.048616811633110046,2
1299,1:48:15,eurcoo,0.04174012318253517,3
1299,1:48:15,watrai1,0.03398893028497696,4
1299,1:48:15,commoo3,0.030626162886619568,5
1300,1:48:20,eueowl1,0.1441020369529724,1
1300,1:48:20,tawowl1,0.08730567991733551,2
1300,1:48:20,loeowl,0.08427208662033081,3
1300,1:48:20,brnowl,0.05863914266228676,4
1300,1:48:20,grhowl,0.05109761282801628,5
1301,1:48:25,tawowl1,0.09051187336444855,1
1301,1:48:25,brnowl,0.044049713760614395,2
1301,1:48:25,eueowl1,0.037069424986839294,3
1301,1:48:25,watrai1,0.029193565249443054,4
1301,1:48:25,commoo3,0.02108365297317505,5
1302,1:48:30,brnowl,0.09153223782777786,1
1302,1:48:30,litowl1,0.05356284976005554,2
1302,1:48:30,brdowl,0.02557910978794098,3
1302,1:48:30,tawowl1,0.020756378769874573,4
1302,1:48:30,ortbun1,0.018636686727404594,5
1303,1:48:35,tawowl1,0.06663651019334793,1
1303,1:48:35,brnowl,0.04596661031246185,2
1303,1:48:35,litowl1,0.030933329835534096,3
1303,1:48:35,loeowl,0.029543839395046234,4
1303,1:48:35,brdowl,0.021586831659078598,5
1304,1:48:40,brnowl,0.20782487094402313,1
1304,1:48:40,loeowl,0.15790483355522156,2
1304,1:48:40,tawowl1,0.054466187953948975,3
1304,1:48:40,eueowl1,0.03658956289291382,4
1304,1:48:40,litowl1,0.035453472286462784,5
1305,1:48:45,tawowl1,0.09722057729959488,1
1305,1:48:45,brnowl,0.06945658475160599,2
1305,1:48:45,litowl1,0.04834781214594841,3
1305,1:48:45,loeowl,0.047511614859104156,4
1305,1:48:45,eueowl1,0.02725376933813095,5
1306,1:48:50,tawowl1,0.11870664358139038,1
1306,1:48:50,commoo3,0.05982695892453194,2
1306,1:48:50,watrai1,0.042398206889629364,3
1306,1:48:50,eueowl1,0.04175708815455437,4
1306,1:48:50,eurcoo,0.03449611738324165,5
1307,1:48:55,tawowl1,0.16489121317863464,1
1307,1:48:55,loeowl,0.0646255761384964,2
1307,1:48:55,eurcoo,0.03304942324757576,3
1307,1:48:55,eurbla,0.02755647897720337,4
1307,1:48:55,eueowl1,0.025471743196249008,5
1308,1:49:00,tawowl1,0.05790196731686592,1
1308,1:49:00,commoo3,0.03620559349656105,2
1308,1:49:00,manshe,0.03423142060637474,3
1308,1:49:00,eueowl1,0.028899407014250755,4
1308,1:49:00,brnowl,0.02874961867928505,5
1309,1:49:05,tawowl1,0.17939457297325134,1
1309,1:49:05,brnowl,0.09025699645280838,2
1309,1:49:05,loeowl,0.03384795039892197,3
1309,1:49:05,grebit1,0.03165493533015251,4
1309,1:49:05,eurcoo,0.030312076210975647,5
1310,1:49:10,tawowl1,0.1332395374774933,1
1310,1:49:10,comqua1,0.04627570882439613,2
1310,1:49:10,eueowl1,0.04615415632724762,3
1310,1:49:10,eurcoo,0.04152694717049599,4
1310,1:49:10,manshe,0.032605379819869995,5
1311,1:49:15,brnowl,0.1312832087278366,1
1311,1:49:15,litowl1,0.10313397645950317,2
1311,1:49:15,eurjay1,0.06475914269685745,3
1311,1:49:15,eueowl1,0.05129783973097801,4
1311,1:49:15,tawowl1,0.050486937165260315,5
1312,1:49:20,brnowl,0.3682927191257477,1
1312,1:49:20,litowl1,0.09389398247003555,2
1312,1:49:20,eueowl1,0.028661129996180534,3
1312,1:49:20,brambl,0.026748305186629295,4
1312,1:49:20,loeowl,0.02495305798947811,5
1313,1:49:25,eurcoo,0.07842639833688736,1
1313,1:49:25,tawowl1,0.07447019219398499,2
1313,1:49:25,commoo3,0.06205292046070099,3
1313,1:49:25,watrai1,0.04221119359135628,4
1313,1:49:25,eueowl1,0.03407006710767746,5
1314,1:49:30,tawowl1,0.1396925002336502,1
1314,1:49:30,commoo3,0.06012200191617012,2
1314,1:49:30,eurcoo,0.059722963720560074,3
1314,1:49:30,eueowl1,0.041151296347379684,4
1314,1:49:30,loeowl,0.04007427766919136,5
1315,1:49:35,tawowl1,0.10986136645078659,1
1315,1:49:35,commoo3,0.07585277408361435,2
1315,1:49:35,eurcoo,0.05835035443305969,3
1315,1:49:35,loeowl,0.052065227180719376,4
1315,1:49:35,eurnig1,0.04351899400353432,5
1316,1:49:40,tawowl1,0.10220712423324585,1
1316,1:49:40,loeowl,0.054969873279333115,2
1316,1:49:40,commoo3,0.041074253618717194,3
1316,1:49:40,eurcoo,0.037550803273916245,4
1316,1:49:40,eueowl1,0.032253559678792953,5
1317,1:49:45,litbit1,0.21240858733654022,1
1317,1:49:45,egwtea1,0.05490017682313919,2
1317,1:49:45,eueowl1,0.03999100998044014,3
1317,1:49:45,eurcoo,0.03925527632236481,4
1317,1:49:45,graher1,0.037107210606336594,5
1318,1:49:50,tawowl1,0.1349085569381714,1
1318,1:49:50,eurcoo,0.06359400600194931,2
1318,1:49:50,loeowl,0.06355074048042297,3
1318,1:49:50,commoo3,0.048948608338832855,4
1318,1:49:50,eueowl1,0.03439581021666527,5
1319,1:49:55,tawowl1,0.140422523021698,1
1319,1:49:55,commoo3,0.06829467415809631,2
1319,1:49:55,loeowl,0.06032538786530495,3
1319,1:49:55,eurcoo,0.05083280801773071,4
1319,1:49:55,eueowl1,0.027949128299951553,5
1320,1:50:00,tawowl1,0.08498160541057587,1
1320,1:50:00,loeowl,0.06639150530099869,2
1320,1:50:00,eurcoo,0.06143137067556381,3
1320,1:50:00,commoo3,0.05813933163881302,4
1320,1:50:00,eueowl1,0.04364403337240219,5
1321,1:50:05,tawowl1,0.09336395561695099,1
1321,1:50:05,eurnig1,0.051380377262830734,2
1321,1:50:05,loeowl,0.048143766820430756,3
1321,1:50:05,commoo3,0.04185592010617256,4
1321,1:50:05,eurcoo,0.04083043336868286,5
1322,1:50:10,brnowl,0.15418221056461334,1
1322,1:50:10,loeowl,0.08603595942258835,2
1322,1:50:10,eurjay1,0.0621497705578804,3
1322,1:50:10,tawowl1,0.052099090069532394,4
1322,1:50:10,eueowl1,0.05024632066488266,5
1323,1:50:15,brnowl,0.5427328944206238,1
1323,1:50:15,tawowl1,0.12481674551963806,2
1323,1:50:15,loeowl,0.025261932983994484,3
1323,1:50:15,eurcoo,0.020489318296313286,4
1323,1:50:15,litowl1,0.019388621672987938,5
1324,1:50:20,tawowl1,0.08540898561477661,1
1324,1:50:20,eurnig1,0.06274189800024033,2
1324,1:50:20,eueowl1,0.04905594885349274,3
1324,1:50:20,eurcoo,0.04449745640158653,4
1324,1:50:20,watrai1,0.04284683242440224,5
1325,1:50:25,eurrob1,0.056268058717250824,1
1325,1:50:25,eurtre1,0.05473078787326813,2
1325,1:50:25,tawowl1,0.04086870327591896,3
1325,1:50:25,eurcoo,0.03248944878578186,4
1325,1:50:25,commoo3,0.02666456811130047,5
1326,1:50:30,loeowl,0.09456714987754822,1
1326,1:50:30,eurcoo,0.07113557308912277,2
1326,1:50:30,eurrob1,0.05067642033100128,3
1326,1:50:30,watrai1,0.04767446964979172,4
1326,1:50:30,goldcr1,0.030559316277503967,5
1327,1:50:35,tawowl1,0.10832516103982925,1
1327,1:50:35,commoo3,0.0972483679652214,2
1327,1:50:35,eurcoo,0.0717766061425209,3
1327,1:50:35,watrai1,0.034945838153362274,4
1327,1:50:35,loeowl,0.033914245665073395,5
1328,1:50:40,tawowl1,0.15209661424160004,1
1328,1:50:40,eurcoo,0.07719370722770691,2
1328,1:50:40,loeowl,0.0656481683254242,3
1328,1:50:40,commoo3,0.04677338898181915,4
1328,1:50:40,eurnig1,0.029524030163884163,5
1329,1:50:45,tawowl1,0.08394664525985718,1
1329,1:50:45,eurcoo,0.06131129339337349,2
1329,1:50:45,commoo3,0.060554493218660355,3
1329,1:50:45,loeowl,0.054727938026189804,4
1329,1:50:45,eueowl1,0.04448063299059868,5
1330,1:50:50,eurcoo,0.08092217892408371,1
1330,1:50:50,tawowl1,0.07583682239055634,2
1330,1:50:50,commoo3,0.07287713885307312,3
1330,1:50:50,loeowl,0.05423630401492119,4
1330,1:50:50,eueowl1,0.03495503589510918,5
1331,1:50:55,commoo3,0.12849347293376923,1
1331,1:50:55,tawowl1,0.10272616893053055,2
1331,1:50:55,eurcoo,0.06537868827581406,3
1331,1:50:55,watrai1,0.036761362105607986,4
1331,1:50:55,loeowl,0.03542990982532501,5
1332,1:51:00,tawowl1,0.09138954430818558,1
1332,1:51:00,commoo3,0.0754503458738327,2
1332,1:51:00,eurnig1,0.05985597148537636,3
1332,1:51:00,eurcoo,0.055576905608177185,4
1332,1:51:00,loeowl,0.037411052733659744,5
1333,1:51:05,tawowl1,0.09411582350730896,1
1333,1:51:05,commoo3,0.05535881966352463,2
1333,1:51:05,loeowl,0.05462516099214554,3
1333,1:51:05,eurcoo,0.048958905041217804,4
1333,1:51:05,eueowl1,0.0350336953997612,5
1334,1:51:10,tawowl1,0.20246447622776031,1
1334,1:51:10,eurcoo,0.0626043975353241,2
1334,1:51:10,loeowl,0.058282993733882904,3
1334,1:51:10,eueowl1,0.04490184038877487,4
1334,1:51:10,commoo3,0.03912300989031792,5
1335,1:51:15,tawowl1,0.09289722889661789,1
1335,1:51:15,loeowl,0.04962102323770523,2
1335,1:51:15,commoo3,0.04892178997397423,3
1335,1:51:15,eueowl1,0.0431087464094162,4
1335,1:51:15,eurcoo,0.041886139661073685,5
1336,1:51:20,tawowl1,0.08787130564451218,1
1336,1:51:20,eueowl1,0.04472978785634041,2
1336,1:51:20,loeowl,0.039333049207925797,3
1336,1:51:20,watrai1,0.0329594649374485,4
1336,1:51:20,commoo3,0.028497053310275078,5
1337,1:51:25,cowpig1,0.09502814710140228,1
1337,1:51:25,tawowl1,0.05861407145857811,2
1337,1:51:25,litowl1,0.04901502653956413,3
1337,1:51:25,eueowl1,0.033383890986442566,4
1337,1:51:25,loeowl,0.031109090894460678,5
1338,1:51:30,brnowl,0.0906146690249443,1
1338,1:51:30,tawowl1,0.05282997339963913,2
1338,1:51:30,eueowl1,0.04727044701576233,3
1338,1:51:30,loeowl,0.034744005650281906,4
1338,1:51:30,eurbla,0.02792949602007866,5
1339,1:51:35,brnowl,0.19174647331237793,1
1339,1:51:35,tawowl1,0.15405766665935516,2
1339,1:51:35,loeowl,0.06296474486589432,3
1339,1:51:35,litowl1,0.05481897294521332,4
1339,1:51:35,eueowl1,0.035502441227436066,5
1340,1:51:40,brant,0.13446427881717682,1
1340,1:51:40,eurcoo,0.04657195881009102,2
1340,1:51:40,mallar3,0.04082880914211273,3
1340,1:51:40,tawowl1,0.04016046226024628,4
1340,1:51:40,commoo3,0.03644927218556404,5
1341,1:51:45,brant,0.13294723629951477,1
1341,1:51:45,waldra1,0.046765927225351334,2
1341,1:51:45,comqua1,0.03703626990318298,3
1341,1:51:45,tawowl1,0.027931416407227516,4
1341,1:51:45,manshe,0.02637818083167076,5
1342,1:51:50,tawowl1,0.08186832070350647,1
1342,1:51:50,eueowl1,0.07325971871614456,2
1342,1:51:50,loeowl,0.03722662478685379,3
1342,1:51:50,watrai1,0.023419903591275215,4
1342,1:51:50,brnowl,0.02097434550523758,5
1343,1:51:55,eurrob1,0.06945863366127014,1
1343,1:51:55,tawowl1,0.04584392532706261,2
1343,1:51:55,loeowl,0.04386705532670021,3
1343,1:51:55,sonthr1,0.0385059230029583,4
1343,1:51:55,eueowl1,0.029886074364185333,5
1344,1:52:00,tawowl1,0.0599435530602932,1
1344,1:52:00,loeowl,0.03539087995886803,2
1344,1:52:00,watrai1,0.03427514433860779,3
1344,1:52:00,eueowl1,0.027336081489920616,4
1344,1:52:00,commoo3,0.025070302188396454,5
1345,1:52:05,loeowl,0.13466276228427887,1
1345,1:52:05,eueowl1,0.09233413636684418,2
1345,1:52:05,tawowl1,0.04936978965997696,3
1345,1:52:05,uraowl1,0.028433222323656082,4
1345,1:52:05,grebit1,0.026494842022657394,5
1346,1:52:10,eurcoo,0.09849284589290619,1
1346,1:52:10,tawowl1,0.09395134449005127,2
1346,1:52:10,commoo3,0.04503396153450012,3
1346,1:52:10,eueowl1,0.041630543768405914,4
1346,1:52:10,watrai1,0.03861227259039879,5
1347,1:52:15,tawowl1,0.09630531817674637,1
1347,1:52:15,eurcoo,0.08676839619874954,2
1347,1:52:15,commoo3,0.07619782537221909,3
1347,1:52:15,comqua1,0.03937136009335518,4
1347,1:52:15,watrai1,0.03652631491422653,5
1348,1:52:20,tawowl1,0.07245278358459473,1
1348,1:52:20,commoo3,0.05676441267132759,2
1348,1:52:20,eurcoo,0.05344734713435173,3
1348,1:52:20,loeowl,0.042381636798381805,4
1348,1:52:20,eueowl1,0.03660770505666733,5
1349,1:52:25,loeowl,0.05628877878189087,1
1349,1:52:25,tawowl1,0.05345582589507103,2
1349,1:52:25,commoo3,0.04587346315383911,3
1349,1:52:25,eueowl1,0.04302394762635231,4
1349,1:52:25,watrai1,0.0389351062476635,5
1350,1:52:30,tawowl1,0.058570947498083115,1
1350,1:52:30,eurcoo,0.039786241948604584,2
1350,1:52:30,eueowl1,0.036142874509096146,3
1350,1:52:30,commoo3,0.036097560077905655,4
1350,1:52:30,watrai1,0.03539758175611496,5
1351,1:52:35,tawowl1,0.07366593927145004,1
1351,1:52:35,eurcoo,0.04401402920484543,2
1351,1:52:35,loeowl,0.04227259010076523,3
1351,1:52:35,eurnig1,0.041486747562885284,4
1351,1:52:35,commoo3,0.04046092554926872,5
1352,1:52:40,tawowl1,0.09621485322713852,1
1352,1:52:40,commoo3,0.06104931980371475,2
1352,1:52:40,loeowl,0.04590969160199165,3
1352,1:52:40,eurnig1,0.039121925830841064,4
1352,1:52:40,eueowl1,0.03819146752357483,5
1353,1:52:45,tawowl1,0.08147542178630829,1
1353,1:52:45,eurcoo,0.05176277086138725,2
1353,1:52:45,loeowl,0.043265607208013535,3
1353,1:52:45,eurnig1,0.03884550556540489,4
1353,1:52:45,commoo3,0.03458496555685997,5
1354,1:52:50,tawowl1,0.15549220144748688,1
1354,1:52:50,eurcoo,0.06820111721754074,2
1354,1:52:50,loeowl,0.05022082105278969,3
1354,1:52:50,commoo3,0.04354191944003105,4
1354,1:52:50,watrai1,0.040429480373859406,5
1355,1:52:55,tawowl1,0.09692301601171494,1
1355,1:52:55,eurcoo,0.08259838819503784,2
1355,1:52:55,loeowl,0.06034332513809204,3
1355,1:52:55,commoo3,0.05031111091375351,4
1355,1:52:55,eueowl1,0.041481781750917435,5
1356,1:53:00,tawowl1,0.11430971324443817,1
1356,1:53:00,eurcoo,0.07558504492044449,2
1356,1:53:00,commoo3,0.06223592907190323,3
1356,1:53:00,loeowl,0.058439772576093674,4
1356,1:53:00,eueowl1,0.04531162232160568,5
1357,1:53:05,tawowl1,0.10065575689077377,1
1357,1:53:05,loeowl,0.08482711762189865,2
1357,1:53:05,eurcoo,0.05534118786454201,3
1357,1:53:05,commoo3,0.053693465888500214,4
1357,1:53:05,eueowl1,0.031226299703121185,5
1358,1:53:10,tawowl1,0.09931065887212753,1
1358,1:53:10,loeowl,0.07605110108852386,2
1358,1:53:10,commoo3,0.061122097074985504,3
1358,1:53:10,eurcoo,0.05692354962229729,4
1358,1:53:10,eueowl1,0.033050596714019775,5
1359,1:53:15,tawowl1,0.3939646780490875,1
1359,1:53:15,commoo3,0.042281780391931534,2
1359,1:53:15,eurcoo,0.038038499653339386,3
1359,1:53:15,loeowl,0.03733842074871063,4
1359,1:53:15,eurnig1,0.021553093567490578,5
1360,1:53:20,tawowl1,0.10268551111221313,1
1360,1:53:20,loeowl,0.0782272145152092,2
1360,1:53:20,eurcoo,0.04855508357286453,3
1360,1:53:20,commoo3,0.04720015078783035,4
1360,1:53:20,eueowl1,0.030280953273177147,5
1361,1:53:25,tawowl1,0.15199816226959229,1
1361,1:53:25,loeowl,0.09014885872602463,2
1361,1:53:25,commoo3,0.04711950197815895,3
1361,1:53:25,eurcoo,0.043907515704631805,4
1361,1:53:25,eueowl1,0.032077543437480927,5
1362,1:53:30,tawowl1,0.10047950595617294,1
1362,1:53:30,loeowl,0.08140041679143906,2
1362,1:53:30,commoo3,0.04327252507209778,3
1362,1:53:30,eurcoo,0.03950928524136543,4
1362,1:53:30,eueowl1,0.031199533492326736,5
1363,1:53:35,tawowl1,0.1016339510679245,1
1363,1:53:35,eurcoo,0.07596602290868759,2
1363,1:53:35,loeowl,0.07408373057842255,3
1363,1:53:35,blksco1,0.05165998637676239,4
1363,1:53:35,commoo3,0.04212258756160736,5
1364,1:53:40,tawowl1,0.14304743707180023,1
1364,1:53:40,loeowl,0.07766269147396088,2
1364,1:53:40,eurcoo,0.05349711701273918,3
1364,1:53:40,commoo3,0.036640893667936325,4
1364,1:53:40,eueowl1,0.03165881335735321,5
1365,1:53:45,tawowl1,0.08061185479164124,1
1365,1:53:45,comqua1,0.058146364986896515,2
1365,1:53:45,loeowl,0.037869151681661606,3
1365,1:53:45,eueowl1,0.0368315689265728,4
1365,1:53:45,commoo3,0.036766137927770615,5
1366,1:53:50,tawowl1,0.08020301908254623,1
1366,1:53:50,loeowl,0.0630551278591156,2
1366,1:53:50,eurnig1,0.042254842817783356,3
1366,1:53:50,eueowl1,0.040697332471609116,4
1366,1:53:50,commoo3,0.037303682416677475,5
1367,1:53:55,tawowl1,0.07760943472385406,1
1367,1:53:55,commoo3,0.05518672987818718,2
1367,1:53:55,eurcoo,0.049031369388103485,3
1367,1:53:55,loeowl,0.04172508791089058,4
1367,1:53:55,eurnig1,0.031425781548023224,5
1368,1:54:00,tawowl1,0.08593674749135971,1
1368,1:54:00,loeowl,0.07503179460763931,2
1368,1:54:00,commoo3,0.0616459883749485,3
1368,1:54:00,eurcoo,0.05521471053361893,4
1368,1:54:00,eueowl1,0.05004492402076721,5
1369,1:54:05,tawowl1,0.10957278311252594,1
1369,1:54:05,loeowl,0.09799855202436447,2
1369,1:54:05,commoo3,0.05805926397442818,3
1369,1:54:05,eurcoo,0.049559351056814194,4
1369,1:54:05,eueowl1,0.04152161255478859,5
1370,1:54:10,tawowl1,0.0875994935631752,1
1370,1:54:10,loeowl,0.05412022024393082,2
1370,1:54:10,eurcoo,0.041218701750040054,3
1370,1:54:10,commoo3,0.038500647991895676,4
1370,1:54:10,comqua1,0.03150865063071251,5
1371,1:54:15,tawowl1,0.07347648590803146,1
1371,1:54:15,commoo3,0.05797116458415985,2
1371,1:54:15,eurcoo,0.03789038211107254,3
1371,1:54:15,eueowl1,0.03446684777736664,4
1371,1:54:15,eurnig1,0.03217272460460663,5
1372,1:54:20,tawowl1,0.08669912070035934,1
1372,1:54:20,loeowl,0.04663164168596268,2
1372,1:54:20,eurrob1,0.04047719016671181,3
1372,1:54:20,eueowl1,0.031267907470464706,4
1372,1:54:20,commoo3,0.030900973826646805,5
1373,1:54:25,tawowl1,0.07796039432287216,1
1373,1:54:25,loeowl,0.05989375337958336,2
1373,1:54:25,commoo3,0.042036570608615875,3
1373,1:54:25,grebit1,0.03349797800183296,4
1373,1:54:25,watrai1,0.03074394352734089,5
1374,1:54:30,tawowl1,0.0809028148651123,1
1374,1:54:30,commoo3,0.06973889470100403,2
1374,1:54:30,loeowl,0.05219613015651703,3
1374,1:54:30,eueowl1,0.049569640308618546,4
1374,1:54:30,eurcoo,0.04903712496161461,5
1375,1:54:35,loeowl,0.925286054611206,1
1375,1:54:35,tawowl1,0.027560526505112648,2
1375,1:54:35,eurcoo,0.0041041504591703415,3
1375,1:54:35,litgre1,0.0022508478723466396,4
1375,1:54:35,watrai1,0.0019262366695329547,5
1376,1:54:40,loeowl,0.05477775260806084,1
1376,1:54:40,eueowl1,0.05428692325949669,2
1376,1:54:40,tawowl1,0.04663914814591408,3
1376,1:54:40,grhowl,0.021936489269137383,4
1376,1:54:40,uraowl1,0.01471849624067545,5
1377,1:54:45,brnowl,0.11997830867767334,1
1377,1:54:45,tawowl1,0.06863484531641006,2
1377,1:54:45,absfin1,0.06702134758234024,3
1377,1:54:45,loeowl,0.04384825378656387,4
1377,1:54:45,eueowl1,0.028442664071917534,5
1378,1:54:50,tawowl1,0.1168910562992096,1
1378,1:54:50,loeowl,0.07893116027116776,2
1378,1:54:50,eueowl1,0.06431844830513,3
1378,1:54:50,commoo3,0.025793500244617462,4
1378,1:54:50,eurrob1,0.022997377440333366,5
1379,1:54:55,comcra,0.14223818480968475,1
1379,1:54:55,rinphe,0.08078804612159729,2
1379,1:54:55,tawowl1,0.05256075784564018,3
1379,1:54:55,comrav,0.04108390212059021,4
1379,1:54:55,commoo3,0.03626294434070587,5
1380,1:55:00,tawowl1,0.08413449674844742,1
1380,1:55:00,eueowl1,0.048172011971473694,2
1380,1:55:00,watrai1,0.03577788919210434,3
1380,1:55:00,eurcoo,0.034112025052309036,4
1380,1:55:00,loeowl,0.03122045285999775,5
1381,1:55:05,tawowl1,0.10518158227205276,1
1381,1:55:05,loeowl,0.046771906316280365,2
1381,1:55:05,eueowl1,0.04388323798775673,3
1381,1:55:05,commoo3,0.038121547549963,4
1381,1:55:05,eurcoo,0.032268282026052475,5
1382,1:55:10,tawowl1,0.060426123440265656,1
1382,1:55:10,loeowl,0.04063357040286064,2
1382,1:55:10,eueowl1,0.03831571713089943,3
1382,1:55:10,eurrob1,0.023109029978513718,4
1382,1:55:10,brnowl,0.020921429619193077,5
1383,1:55:15,tawowl1,0.0796358734369278,1
1383,1:55:15,loeowl,0.06639959663152695,2
1383,1:55:15,watrai1,0.041132546961307526,3
1383,1:55:15,eurcoo,0.040377408266067505,4
1383,1:55:15,eueowl1,0.031223688274621964,5
1384,1:55:20,tawowl1,0.04501918703317642,1
1384,1:55:20,eueowl1,0.04356475919485092,2
1384,1:55:20,loeowl,0.033835239708423615,3
1384,1:55:20,commoo3,0.021810878068208694,4
1384,1:55:20,eurcoo,0.016491588205099106,5
1385,1:55:25,tawowl1,0.0887928307056427,1
1385,1:55:25,eurcoo,0.08832687884569168,2
1385,1:55:25,commoo3,0.05470455065369606,3
1385,1:55:25,watrai1,0.04567014053463936,4
1385,1:55:25,loeowl,0.033501483500003815,5
1386,1:55:30,brnowl,0.672896146774292,1
1386,1:55:30,loeowl,0.05253182351589203,2
1386,1:55:30,litowl1,0.04167863354086876,3
1386,1:55:30,tawowl1,0.036161262542009354,4
1386,1:55:30,barowl28,0.008009424433112144,5
1387,1:55:35,tawowl1,0.08416449278593063,1
1387,1:55:35,loeowl,0.07543469220399857,2
1387,1:55:35,eurcoo,0.04200804606080055,3
1387,1:55:35,commoo3,0.03882283344864845,4
1387,1:55:35,eueowl1,0.03355398029088974,5
1388,1:55:40,tawowl1,0.06915628910064697,1
1388,1:55:40,loeowl,0.06855453550815582,2
1388,1:55:40,eueowl1,0.029014233499765396,3
1388,1:55:40,eurcoo,0.02867172285914421,4
1388,1:55:40,commoo3,0.026700802147388458,5
1389,1:55:45,tawowl1,0.07134710252285004,1
1389,1:55:45,loeowl,0.05748705193400383,2
1389,1:55:45,eueowl1,0.041754212230443954,3
1389,1:55:45,commoo3,0.039850831031799316,4
1389,1:55:45,watrai1,0.03553532063961029,5
1390,1:55:50,tawowl1,0.09979330748319626,1
1390,1:55:50,eurrob1,0.043405964970588684,2
1390,1:55:50,loeowl,0.03970140591263771,3
1390,1:55:50,commoo3,0.031831372529268265,4
1390,1:55:50,eueowl1,0.030345182865858078,5
1391,1:55:55,tawowl1,0.14211949706077576,1
1391,1:55:55,loeowl,0.10013364255428314,2
1391,1:55:55,brnowl,0.05733610689640045,3
1391,1:55:55,eueowl1,0.027620285749435425,4
1391,1:55:55,eurnig1,0.023902954533696175,5
1392,1:56:00,loeowl,0.0978701114654541,1
1392,1:56:00,tawowl1,0.08905620127916336,2
1392,1:56:00,eueowl1,0.04655567556619644,3
1392,1:56:00,commoo3,0.039968203753232956,4
1392,1:56:00,eurcoo,0.03627759963274002,5
1393,1:56:05,tawowl1,0.11848761141300201,1
1393,1:56:05,loeowl,0.08826645463705063,2
1393,1:56:05,commoo3,0.05255371332168579,3
1393,1:56:05,eurcoo,0.045012831687927246,4
1393,1:56:05,eueowl1,0.026777010411024094,5
1394,1:56:10,tawowl1,0.1017986387014389,1
1394,1:56:10,loeowl,0.05335221812129021,2
1394,1:56:10,commoo3,0.04954543709754944,3
1394,1:56:10,eueowl1,0.04915611818432808,4
1394,1:56:10,eurcoo,0.047221194952726364,5
1395,1:56:15,loeowl,0.08752156049013138,1
1395,1:56:15,tawowl1,0.08506931364536285,2
1395,1:56:15,eueowl1,0.03996969386935234,3
1395,1:56:15,commoo3,0.029152125120162964,4
1395,1:56:15,eurcoo,0.028191693127155304,5
1396,1:56:20,tawowl1,0.12475697696208954,1
1396,1:56:20,loeowl,0.06860500574111938,2
1396,1:56:20,commoo3,0.04553763568401337,3
1396,1:56:20,eurcoo,0.03973871096968651,4
1396,1:56:20,eurnig1,0.029997406527400017,5
1397,1:56:25,brnowl,0.11176348477602005,1
1397,1:56:25,tawowl1,0.06615180522203445,2
1397,1:56:25,watrai1,0.04672728106379509,3
1397,1:56:25,loeowl,0.043566860258579254,4
1397,1:56:25,eueowl1,0.03315291181206703,5
1398,1:56:30,tawowl1,0.10030264407396317,1
1398,1:56:30,loeowl,0.06996991485357285,2
1398,1:56:30,eurcoo,0.05783000960946083,3
1398,1:56:30,commoo3,0.04343273490667343,4
1398,1:56:30,grebit1,0.03355932608246803,5
1399,1:56:35,tawowl1,0.09583644568920135,1
1399,1:56:35,loeowl,0.06731757521629333,2
1399,1:56:35,eurcoo,0.057338230311870575,3
1399,1:56:35,commoo3,0.049623239785432816,4
1399,1:56:35,eueowl1,0.034808021038770676,5
1400,1:56:40,tawowl1,0.10199548304080963,1
1400,1:56:40,loeowl,0.031966205686330795,2
1400,1:56:40,brnowl,0.02769637480378151,3
1400,1:56:40,commoo3,0.02726251445710659,4
1400,1:56:40,eueowl1,0.02639618143439293,5
1401,1:56:45,brnowl,0.35000139474868774,1
1401,1:56:45,loeowl,0.09409459680318832,2
1401,1:56:45,tawowl1,0.08656294643878937,3
1401,1:56:45,litowl1,0.062014929950237274,4
1401,1:56:45,grebit1,0.022742262110114098,5
1402,1:56:50,tawowl1,0.07221382856369019,1
1402,1:56:50,eurrob1,0.03716949000954628,2
1402,1:56:50,loeowl,0.03539314121007919,3
1402,1:56:50,comrav,0.028681153431534767,4
1402,1:56:50,eueowl1,0.027315890416502953,5
1403,1:56:55,tawowl1,0.09443961083889008,1
1403,1:56:55,commoo3,0.08602301776409149,2
1403,1:56:55,eurcoo,0.05875495821237564,3
1403,1:56:55,loeowl,0.058306410908699036,4
1403,1:56:55,eueowl1,0.0384896919131279,5
1404,1:57:00,tawowl1,0.09950751066207886,1
1404,1:57:00,commoo3,0.07125224173069,2
1404,1:57:00,loeowl,0.06819017976522446,3
1404,1:57:00,eurcoo,0.06675141304731369,4
1404,1:57:00,eueowl1,0.03690876439213753,5
1405,1:57:05,tawowl1,0.22310230135917664,1
1405,1:57:05,commoo3,0.04326419532299042,2
1405,1:57:05,grebit1,0.03218196704983711,3
1405,1:57:05,eueowl1,0.03078204020857811,4
1405,1:57:05,loeowl,0.030574452131986618,5
1406,1:57:10,brnowl,0.08146977424621582,1
1406,1:57:10,winwre4,0.07151210308074951,2
1406,1:57:10,loeowl,0.05122245103120804,3
1406,1:57:10,eueowl1,0.04826181009411812,4
1406,1:57:10,tawowl1,0.04414980858564377,5
1407,1:57:15,tawowl1,0.08359139412641525,1
1407,1:57:15,loeowl,0.05869488790631294,2
1407,1:57:15,eueowl1,0.047982435673475266,3
1407,1:57:15,eurcoo,0.04728349670767784,4
1407,1:57:15,eurwoo,0.03832614794373512,5
1408,1:57:20,loeowl,0.0744488462805748,1
1408,1:57:20,tawowl1,0.07258661836385727,2
1408,1:57:20,commoo3,0.038723647594451904,3
1408,1:57:20,eueowl1,0.037864912301301956,4
1408,1:57:20,watrai1,0.028691578656435013,5
1409,1:57:25,tawowl1,0.09128698706626892,1
1409,1:57:25,loeowl,0.05248603969812393,2
1409,1:57:25,eueowl1,0.04599294066429138,3
1409,1:57:25,watrai1,0.0318940132856369,4
1409,1:57:25,eurcoo,0.029647210612893105,5
1410,1:57:30,tawowl1,0.06132359057664871,1
1410,1:57:30,eueowl1,0.04449648782610893,2
1410,1:57:30,loeowl,0.044257987290620804,3
1410,1:57:30,watrai1,0.029302338138222694,4
1410,1:57:30,eurcoo,0.023466983810067177,5
1411,1:57:35,eueowl1,0.05610822141170502,1
1411,1:57:35,tawowl1,0.04272955283522606,2
1411,1:57:35,eurrob1,0.020705485716462135,3
1411,1:57:35,loeowl,0.019648758694529533,4
1411,1:57:35,grebit1,0.019009176641702652,5
1412,1:57:40,tawowl1,0.06326773017644882,1
1412,1:57:40,eueowl1,0.054450929164886475,2
1412,1:57:40,loeowl,0.025827569887042046,3
1412,1:57:40,commoo3,0.023840557783842087,4
1412,1:57:40,grebit1,0.021282212808728218,5
1413,1:57:45,tawowl1,0.07739535719156265,1
1413,1:57:45,commoo3,0.040685269981622696,2
1413,1:57:45,loeowl,0.036054402589797974,3
1413,1:57:45,eueowl1,0.03340062126517296,4
1413,1:57:45,comqua1,0.03128974884748459,5
1414,1:57:50,eurrob1,0.07766789197921753,1
1414,1:57:50,hawfin,0.041606370359659195,2
1414,1:57:50,eurbla,0.024223649874329567,3
1414,1:57:50,tawowl1,0.0202197078615427,4
1414,1:57:50,eueowl1,0.01762687973678112,5
1415,1:57:55,coatit2,0.3426699638366699,1
1415,1:57:55,goldcr1,0.29081904888153076,2
1415,1:57:55,firecr1,0.019944356754422188,3
1415,1:57:55,eurrob1,0.018445417284965515,4
1415,1:57:55,tawowl1,0.01511795911937952,5
1416,1:58:00,comrav,0.06107712537050247,1
1416,1:58:00,tawowl1,0.048269134014844894,2
1416,1:58:00,eueowl1,0.0371510274708271,3
1416,1:58:00,brant,0.030887683853507042,4
1416,1:58:00,waldra1,0.03041292540729046,5
1417,1:58:05,commoo3,0.05000007525086403,1
1417,1:58:05,tawowl1,0.047175467014312744,2
1417,1:58:05,eueowl1,0.04305586218833923,3
1417,1:58:05,eurcoo,0.041119880974292755,4
1417,1:58:05,loeowl,0.023903755471110344,5
1418,1:58:10,eueowl1,0.05224602296948433,1
1418,1:58:10,tawowl1,0.05023228004574776,2
1418,1:58:10,watrai1,0.04622330516576767,3
1418,1:58:10,eurcoo,0.04357936605811119,4
1418,1:58:10,loeowl,0.04070252552628517,5
1419,1:58:15,tawowl1,0.060304466634988785,1
1419,1:58:15,eueowl1,0.048829350620508194,2
1419,1:58:15,commoo3,0.04587600380182266,3
1419,1:58:15,watrai1,0.036819759756326675,4
1419,1:58:15,eurcoo,0.03226182609796524,5
1420,1:58:20,eurnig1,0.15610618889331818,1
1420,1:58:20,comqua1,0.08034782111644745,2
1420,1:58:20,litbit1,0.05099354311823845,3
1420,1:58:20,spocra1,0.03243188187479973,4
1420,1:58:20,watrai1,0.031282778829336166,5
1421,1:58:25,brnowl,0.20320828258991241,1
1421,1:58:25,litowl1,0.08193576335906982,2
1421,1:58:25,loeowl,0.08138856291770935,3
1421,1:58:25,eueowl1,0.049213510006666183,4
1421,1:58:25,tawowl1,0.018021799623966217,5
1422,1:58:30,eueowl1,0.04597097262740135,1
1422,1:58:30,tawowl1,0.038335420191287994,2
1422,1:58:30,eurcoo,0.03763822466135025,3
1422,1:58:30,commoo3,0.03253917768597603,4
1422,1:58:30,ortbun1,0.030815042555332184,5
1423,1:58:35,loeowl,0.055921655148267746,1
1423,1:58:35,tawowl1,0.05234074220061302,2
1423,1:58:35,eueowl1,0.04337909817695618,3
1423,1:58:35,commoo3,0.026820918545126915,4
1423,1:58:35,waldra1,0.025873757898807526,5
1424,1:58:40,tawowl1,0.05093866214156151,1
1424,1:58:40,loeowl,0.029182029888033867,2
1424,1:58:40,eueowl1,0.022215289995074272,3
1424,1:58:40,grhowl,0.019613532349467278,4
1424,1:58:40,brnowl,0.014557716436684132,5
1425,1:58:45,loeowl,0.07945120334625244,1
1425,1:58:45,eueowl1,0.07007579505443573,2
1425,1:58:45,commoo3,0.05622919648885727,3
1425,1:58:45,eurcoo,0.036590900272130966,4
1425,1:58:45,grebit1,0.03491255268454552,5
1426,1:58:50,grefla3,0.07092846930027008,1
1426,1:58:50,commoo3,0.04749470576643944,2
1426,1:58:50,eurcoo,0.04152803495526314,3
1426,1:58:50,norsho,0.03075888194143772,4
1426,1:58:50,waldra1,0.020095843821763992,5
1427,1:58:55,tawowl1,0.07161072641611099,1
1427,1:58:55,eueowl1,0.04861874878406525,2
1427,1:58:55,loeowl,0.0379314050078392,3
1427,1:58:55,watrai1,0.032525356858968735,4
1427,1:58:55,commoo3,0.02197917550802231,5
1428,1:59:00,tawowl1,0.09427016228437424,1
1428,1:59:00,loeowl,0.07949760556221008,2
1428,1:59:00,eurjay1,0.0746992751955986,3
1428,1:59:00,eueowl1,0.04958045482635498,4
1428,1:59:00,litowl1,0.02649395540356636,5
1429,1:59:05,tawowl1,0.09415145218372345,1
1429,1:59:05,loeowl,0.05732657387852669,2
1429,1:59:05,commoo3,0.05568071827292442,3
1429,1:59:05,eueowl1,0.05549277365207672,4
1429,1:59:05,eurcoo,0.047772400081157684,5
1430,1:59:10,tawowl1,0.11108356714248657,1
1430,1:59:10,eurcoo,0.06459374725818634,2
1430,1:59:10,loeowl,0.04168451204895973,3
1430,1:59:10,comrav,0.03481811657547951,4
1430,1:59:10,rinphe,0.0283425934612751,5
1431,1:59:15,brnowl,0.22033540904521942,1
1431,1:59:15,litowl1,0.1982799768447876,2
1431,1:59:15,comrav,0.061200324445962906,3
1431,1:59:15,loeowl,0.03937771916389465,4
1431,1:59:15,tawowl1,0.03920005261898041,5
1432,1:59:20,loeowl,0.9877533316612244,1
1432,1:59:20,tawowl1,0.001531051704660058,2
1432,1:59:20,eurcoo,0.0006084474734961987,3
1432,1:59:20,watrai1,0.0005609612562693655,4
1432,1:59:20,litowl1,0.0004905096720904112,5
1433,1:59:25,eurrob1,0.08713719248771667,1
1433,1:59:25,eurbla,0.041272226721048355,2
1433,1:59:25,winwre4,0.036389343440532684,3
1433,1:59:25,goldcr1,0.03434492275118828,4
1433,1:59:25,eurtre1,0.031353943049907684,5
1434,1:59:30,tawowl1,0.0704001933336258,1
1434,1:59:30,loeowl,0.03819600120186806,2
1434,1:59:30,eueowl1,0.03162567690014839,3
1434,1:59:30,eurcoo,0.027337588369846344,4
1434,1:59:30,watrai1,0.024006029590964317,5
1435,1:59:35,commoo3,0.37335899472236633,1
1435,1:59:35,watrai1,0.024663569405674934,2
1435,1:59:35,eurnig1,0.02271307073533535,3
1435,1:59:35,eurcoo,0.022346509620547295,4
1435,1:59:35,eueowl1,0.022059284150600433,5
1436,1:59:40,tawowl1,0.10081860423088074,1
1436,1:59:40,commoo3,0.07269209623336792,2
1436,1:59:40,eurcoo,0.045042410492897034,3
1436,1:59:40,loeowl,0.036536458879709244,4
1436,1:59:40,eueowl1,0.034473564475774765,5
1437,1:59:45,loeowl,0.22557631134986877,1
1437,1:59:45,eurcoo,0.13234926760196686,2
1437,1:59:45,watrai1,0.0722929984331131,3
1437,1:59:45,eurrob1,0.03133800998330116,4
1437,1:59:45,shttre1,0.02973574958741665,5
1438,1:59:50,tawowl1,0.06544266641139984,1
1438,1:59:50,commoo3,0.06191232427954674,2
1438,1:59:50,eurcoo,0.045577581971883774,3
1438,1:59:50,loeowl,0.04422621801495552,4
1438,1:59:50,eurnig1,0.039883412420749664,5
1439,1:59:55,eurcoo,0.07481694966554642,1
1439,1:59:55,tawowl1,0.06500343978404999,2
1439,1:59:55,commoo3,0.05344235524535179,3
1439,1:59:55,watrai1,0.034478411078453064,4
1439,1:59:55,loeowl,0.03409793600440025,5
1440,2:00:00,tawowl1,0.05137098953127861,1
1440,2:00:00,loeowl,0.05056562274694443,2
1440,2:00:00,eurcoo,0.04835840314626694,3
1440,2:00:00,commoo3,0.047917287796735764,4
1440,2:00:00,eueowl1,0.0431685671210289,5
1441,2:00:05,tawowl1,0.1337333619594574,1
1441,2:00:05,commoo3,0.06960015743970871,2
1441,2:00:05,loeowl,0.051094185560941696,3
1441,2:00:05,eueowl1,0.04923396557569504,4
1441,2:00:05,eurcoo,0.04821574315428734,5
1442,2:00:10,tawowl1,0.061510153114795685,1
1442,2:00:10,eurcoo,0.052718911319971085,2
1442,2:00:10,eueowl1,0.04320654645562172,3
1442,2:00:10,loeowl,0.04150333255529404,4
1442,2:00:10,watrai1,0.040788985788822174,5
1443,2:00:15,eurcoo,0.06319643557071686,1
1443,2:00:15,tawowl1,0.06175808981060982,2
1443,2:00:15,commoo3,0.055019982159137726,3
1443,2:00:15,eueowl1,0.04764140769839287,4
1443,2:00:15,watrai1,0.03334983065724373,5
1444,2:00:20,commoo3,0.17054776847362518,1
1444,2:00:20,eurcoo,0.052644822746515274,2
1444,2:00:20,eueowl1,0.03875129669904709,3
1444,2:00:20,tawowl1,0.03533035144209862,4
1444,2:00:20,watrai1,0.032215140759944916,5
1445,2:00:25,tawowl1,0.07714112102985382,1
1445,2:00:25,loeowl,0.04639320820569992,2
1445,2:00:25,eurcoo,0.04118088632822037,3
1445,2:00:25,commoo3,0.040820326656103134,4
1445,2:00:25,eueowl1,0.036945901811122894,5
1446,2:00:30,loeowl,0.48668918013572693,1
1446,2:00:30,tawowl1,0.03774242475628853,2
1446,2:00:30,watrai1,0.027432436123490334,3
1446,2:00:30,grebit1,0.0217492263764143,4
1446,2:00:30,eurcoo,0.019677095115184784,5
1447,2:00:35,loeowl,0.06809019297361374,1
1447,2:00:35,tawowl1,0.06135571748018265,2
1447,2:00:35,commoo3,0.03592190146446228,3
1447,2:00:35,eueowl1,0.03449833765625954,4
1447,2:00:35,eurnig1,0.03156900405883789,5
1448,2:00:40,eueowl1,0.07041957229375839,1
1448,2:00:40,tawowl1,0.06731274724006653,2
1448,2:00:40,loeowl,0.047082580626010895,3
1448,2:00:40,commoo3,0.03716418892145157,4
1448,2:00:40,eurcoo,0.03423767909407616,5
1449,2:00:45,tawowl1,0.13362263143062592,1
1449,2:00:45,loeowl,0.06357166916131973,2
1449,2:00:45,eurcoo,0.0423741415143013,3
1449,2:00:45,commoo3,0.035073451697826385,4
1449,2:00:45,eueowl1,0.03435102850198746,5
1450,2:00:50,tawowl1,0.08500014990568161,1
1450,2:00:50,loeowl,0.0597892627120018,2
1450,2:00:50,commoo3,0.03645521029829979,3
1450,2:00:50,eueowl1,0.03438601642847061,4
1450,2:00:50,eurcoo,0.03348228335380554,5
1451,2:00:55,tawowl1,0.11753562837839127,1
1451,2:00:55,loeowl,0.07059241831302643,2
1451,2:00:55,eurcoo,0.05438412353396416,3
1451,2:00:55,commoo3,0.048877257853746414,4
1451,2:00:55,eueowl1,0.030331525951623917,5
1452,2:01:00,tawowl1,0.1141267716884613,1
1452,2:01:00,loeowl,0.06695454567670822,2
1452,2:01:00,eurcoo,0.03203384950757027,3
1452,2:01:00,eueowl1,0.03008761815726757,4
1452,2:01:00,eurnig1,0.029719339683651924,5
1453,2:01:05,tawowl1,0.06522321701049805,1
1453,2:01:05,loeowl,0.0481620617210865,2
1453,2:01:05,eueowl1,0.03500018268823624,3
1453,2:01:05,comqua1,0.024934131652116776,4
1453,2:01:05,commoo3,0.020071448758244514,5
1454,2:01:10,tawowl1,0.09086448699235916,1
1454,2:01:10,loeowl,0.07099098712205887,2
1454,2:01:10,commoo3,0.04354091361165047,3
1454,2:01:10,eurcoo,0.03953133150935173,4
1454,2:01:10,eurnig1,0.029399840161204338,5
1455,2:01:15,tawowl1,0.08887316286563873,1
1455,2:01:15,loeowl,0.06214325875043869,2
1455,2:01:15,commoo3,0.04426024481654167,3
1455,2:01:15,eurcoo,0.03943416103720665,4
1455,2:01:15,eurnig1,0.029374925419688225,5
1456,2:01:20,uraowl1,0.13404755294322968,1
1456,2:01:20,tawowl1,0.0652465671300888,2
1456,2:01:20,loeowl,0.05414814502000809,3
1456,2:01:20,eueowl1,0.042475391179323196,4
1456,2:01:20,commoo3,0.039928097277879715,5
1457,2:01:25,loeowl,0.13935062289237976,1
1457,2:01:25,tawowl1,0.06517286598682404,2
1457,2:01:25,eurcoo,0.031453825533390045,3
1457,2:01:25,eueowl1,0.027871809899806976,4
1457,2:01:25,eurnig1,0.026767872273921967,5
1458,2:01:30,tawowl1,0.07413063943386078,1
1458,2:01:30,loeowl,0.06492984294891357,2
1458,2:01:30,eurnig1,0.06009045988321304,3
1458,2:01:30,eurcoo,0.04492150992155075,4
1458,2:01:30,commoo3,0.0396224744617939,5
1459,2:01:35,tawowl1,0.07051016390323639,1
1459,2:01:35,comqua1,0.04008481651544571,2
1459,2:01:35,eueowl1,0.039004500955343246,3
1459,2:01:35,manshe,0.03790199011564255,4
1459,2:01:35,loeowl,0.03634798899292946,5
1460,2:01:40,tawowl1,0.10415664315223694,1
1460,2:01:40,loeowl,0.05568484216928482,2
1460,2:01:40,eurnig1,0.04507052153348923,3
1460,2:01:40,eueowl1,0.03452479839324951,4
1460,2:01:40,commoo3,0.03374528884887695,5
1461,2:01:45,tawowl1,0.08927047252655029,1
1461,2:01:45,eurcoo,0.061260826885700226,2
1461,2:01:45,loeowl,0.06094130128622055,3
1461,2:01:45,eurnig1,0.056300580501556396,4
1461,2:01:45,commoo3,0.055004917085170746,5
1462,2:01:50,tawowl1,0.09817252308130264,1
1462,2:01:50,loeowl,0.08779781311750412,2
1462,2:01:50,eurcoo,0.07536441087722778,3
1462,2:01:50,commoo3,0.04688115045428276,4
1462,2:01:50,eurnig1,0.03687916696071625,5
1463,2:01:55,tawowl1,0.10650614649057388,1
1463,2:01:55,loeowl,0.10063935071229935,2
1463,2:01:55,eurcoo,0.04697952792048454,3
1463,2:01:55,uraowl1,0.04307935759425163,4
1463,2:01:55,eurnig1,0.04001078009605408,5
1464,2:02:00,loeowl,0.10911194980144501,1
1464,2:02:00,tawowl1,0.10095121711492538,2
1464,2:02:00,eueowl1,0.05073336139321327,3
1464,2:02:00,eurcoo,0.0453345812857151,4
1464,2:02:00,commoo3,0.04187234491109848,5
1465,2:02:05,eurjay1,0.2284546196460724,1
1465,2:02:05,loeowl,0.0587240494787693,2
1465,2:02:05,eueowl1,0.05292176827788353,3
1465,2:02:05,brnowl,0.051694195717573166,4
1465,2:02:05,tawowl1,0.0401412658393383,5
1466,2:02:10,tawowl1,0.10487460345029831,1
1466,2:02:10,loeowl,0.05325225368142128,2
1466,2:02:10,eurcoo,0.046391382813453674,3
1466,2:02:10,eurnig1,0.02796485275030136,4
1466,2:02:10,watrai1,0.027405695989727974,5
1467,2:02:15,tawowl1,0.10949487239122391,1
1467,2:02:15,eurcoo,0.06288818269968033,2
1467,2:02:15,loeowl,0.05594799295067787,3
1467,2:02:15,commoo3,0.045746106654405594,4
1467,2:02:15,eueowl1,0.032722316682338715,5
1468,2:02:20,tawowl1,0.10060712695121765,1
1468,2:02:20,loeowl,0.044961754232645035,2
1468,2:02:20,eurcoo,0.043492358177900314,3
1468,2:02:20,commoo3,0.032804936170578,4
1468,2:02:20,eueowl1,0.03248291835188866,5
1469,2:02:25,tawowl1,0.23584981262683868,1
1469,2:02:25,eurcoo,0.054733991622924805,2
1469,2:02:25,manshe,0.04853003844618797,3
1469,2:02:25,loeowl,0.046649135649204254,4
1469,2:02:25,commoo3,0.04215388000011444,5
1470,2:02:30,tawowl1,0.10687151551246643,1
1470,2:02:30,loeowl,0.0771646797657013,2
1470,2:02:30,eurcoo,0.059429313987493515,3
1470,2:02:30,commoo3,0.043564118444919586,4
1470,2:02:30,eurnig1,0.03094538301229477,5
1471,2:02:35,tawowl1,0.11421607434749603,1
1471,2:02:35,loeowl,0.055335838347673416,2
1471,2:02:35,commoo3,0.028155960142612457,3
1471,2:02:35,eueowl1,0.02815513126552105,4
1471,2:02:35,eurcoo,0.027943994849920273,5
1472,2:02:40,tawowl1,0.13132376968860626,1
1472,2:02:40,loeowl,0.09253468364477158,2
1472,2:02:40,eurcoo,0.05281221121549606,3
1472,2:02:40,commoo3,0.03692809119820595,4
1472,2:02:40,eueowl1,0.03543489798903465,5
1473,2:02:45,tawowl1,0.1501578688621521,1
1473,2:02:45,loeowl,0.08590064197778702,2
1473,2:02:45,eurcoo,0.04297447204589844,3
1473,2:02:45,commoo3,0.03952595964074135,4
1473,2:02:45,eueowl1,0.034050654619932175,5
1474,2:02:50,tawowl1,0.0896962508559227,1
1474,2:02:50,loeowl,0.04922565817832947,2
1474,2:02:50,eurcoo,0.0455784946680069,3
1474,2:02:50,commoo3,0.03970934450626373,4
1474,2:02:50,eueowl1,0.028541546314954758,5
1475,2:02:55,tawowl1,0.10690046846866608,1
1475,2:02:55,loeowl,0.0628795400261879,2
1475,2:02:55,eurcoo,0.043264251202344894,3
1475,2:02:55,eueowl1,0.03684375807642937,4
1475,2:02:55,commoo3,0.03286917880177498,5
1476,2:03:00,tawowl1,0.09808958321809769,1
1476,2:03:00,loeowl,0.05625196918845177,2
1476,2:03:00,commoo3,0.03606296703219414,3
1476,2:03:00,eueowl1,0.034788697957992554,4
1476,2:03:00,eurcoo,0.03228364139795303,5
1477,2:03:05,tawowl1,0.05649632588028908,1
1477,2:03:05,brnowl,0.04295433312654495,2
1477,2:03:05,loeowl,0.03508986532688141,3
1477,2:03:05,souboo2,0.03111542947590351,4
1477,2:03:05,eueowl1,0.029833339154720306,5
1478,2:03:10,tawowl1,0.061408884823322296,1
1478,2:03:10,loeowl,0.029158614575862885,2
1478,2:03:10,eueowl1,0.02677077241241932,3
1478,2:03:10,brnowl,0.022651536390185356,4
1478,2:03:10,eurrob1,0.01726008579134941,5
1479,2:03:15,tawowl1,0.043674543499946594,1
1479,2:03:15,loeowl,0.04127470776438713,2
1479,2:03:15,eueowl1,0.04077085107564926,3
1479,2:03:15,watrai1,0.03188758343458176,4
1479,2:03:15,comrav,0.02890271507203579,5
1480,2:03:20,commoo3,0.0863175019621849,1
1480,2:03:20,eurcoo,0.06965624541044235,2
1480,2:03:20,norsho,0.04786350205540657,3
1480,2:03:20,rinphe,0.03562978655099869,4
1480,2:03:20,watrai1,0.032569270581007004,5
1481,2:03:25,tawowl1,0.1326099932193756,1
1481,2:03:25,loeowl,0.06800388544797897,2
1481,2:03:25,commoo3,0.039588894695043564,3
1481,2:03:25,eueowl1,0.03723573684692383,4
1481,2:03:25,eurcoo,0.034672003239393234,5
1482,2:03:30,eurcoo,0.07080509513616562,1
1482,2:03:30,commoo3,0.06308340281248093,2
1482,2:03:30,eueowl1,0.0564914308488369,3
1482,2:03:30,tawowl1,0.05530581623315811,4
1482,2:03:30,loeowl,0.04986516013741493,5
1483,2:03:35,eueowl1,0.06384322047233582,1
1483,2:03:35,loeowl,0.05398567020893097,2
1483,2:03:35,tawowl1,0.03931722417473793,3
1483,2:03:35,eurcoo,0.036347921937704086,4
1483,2:03:35,commoo3,0.03550746291875839,5
1484,2:03:40,commoo3,0.11025060713291168,1
1484,2:03:40,tawowl1,0.05934010073542595,2
1484,2:03:40,eurcoo,0.05732714757323265,3
1484,2:03:40,watrai1,0.041508689522743225,4
1484,2:03:40,eueowl1,0.03625377267599106,5
1485,2:03:45,eurtre1,0.6753199100494385,1
1485,2:03:45,eurbla,0.04178331047296524,2
1485,2:03:45,brncre,0.026827635243535042,3
1485,2:03:45,shttre1,0.022682690992951393,4
1485,2:03:45,redwin,0.017571980133652687,5
1486,2:03:50,tawowl1,0.07626889646053314,1
1486,2:03:50,loeowl,0.07026107609272003,2
1486,2:03:50,commoo3,0.04982168599963188,3
1486,2:03:50,eurcoo,0.04224380478262901,4
1486,2:03:50,eueowl1,0.0370149090886116,5
1487,2:03:55,brnowl,0.09136120229959488,1
1487,2:03:55,tawowl1,0.06586769968271255,2
1487,2:03:55,eueowl1,0.04745970666408539,3
1487,2:03:55,loeowl,0.04468080401420593,4
1487,2:03:55,eurcoo,0.03369177505373955,5
1488,2:04:00,tawowl1,0.06954754889011383,1
1488,2:04:00,loeowl,0.041352950036525726,2
1488,2:04:00,eueowl1,0.040196217596530914,3
1488,2:04:00,commoo3,0.03520163148641586,4
1488,2:04:00,watrai1,0.033774055540561676,5
1489,2:04:05,commoo3,0.09451058506965637,1
1489,2:04:05,loeowl,0.04627333581447601,2
1489,2:04:05,tawowl1,0.03589944913983345,3
1489,2:04:05,eurcoo,0.03569168969988823,4
1489,2:04:05,watrai1,0.029273539781570435,5
1490,2:04:10,norsho,0.1459304392337799,1
1490,2:04:10,mutswa,0.037025708705186844,2
1490,2:04:10,sheowl,0.03458370640873909,3
1490,2:04:10,commoo3,0.030793746933341026,4
1490,2:04:10,eurcoo,0.028883347287774086,5
1491,2:04:15,norsho,0.0767936110496521,1
1491,2:04:15,commoo3,0.038117915391922,2
1491,2:04:15,eurcoo,0.030463863164186478,3
1491,2:04:15,tawowl1,0.02543480694293976,4
1491,2:04:15,jacsni,0.02271183580160141,5
1492,2:04:20,norsho,0.11045072227716446,1
1492,2:04:20,jacsni,0.06064435467123985,2
1492,2:04:20,giacoo1,0.03775203227996826,3
1492,2:04:20,tawowl1,0.02932160720229149,4
1492,2:04:20,commoo3,0.028863443061709404,5
1493,2:04:25,rinphe,0.053121235221624374,1
1493,2:04:25,wilpta,0.038673583418130875,2
1493,2:04:25,norsho,0.03411617875099182,3
1493,2:04:25,tawowl1,0.027348797768354416,4
1493,2:04:25,comcra,0.023410504683852196,5
1494,2:04:30,eurnig1,0.07857773452997208,1
1494,2:04:30,loeowl,0.06543225795030594,2
1494,2:04:30,commoo3,0.04437541216611862,3
1494,2:04:30,tawowl1,0.03891971707344055,4
1494,2:04:30,eueowl1,0.02748968079686165,5
1495,2:04:35,brnowl,0.26699310541152954,1
1495,2:04:35,loeowl,0.10146672278642654,2
1495,2:04:35,litowl1,0.06622930616140366,3
1495,2:04:35,tawowl1,0.04445482790470123,4
1495,2:04:35,eueowl1,0.02156352624297142,5
1496,2:04:40,loeowl,0.15025769174098969,1
1496,2:04:40,eueowl1,0.0681038498878479,2
1496,2:04:40,tawowl1,0.048136670142412186,3
1496,2:04:40,brnowl,0.04482949897646904,4
1496,2:04:40,jacsni,0.039823759347200394,5
1497,2:04:45,commoo3,0.10526318848133087,1
1497,2:04:45,eurcoo,0.06115526333451271,2
1497,2:04:45,tawowl1,0.04838944226503372,3
1497,2:04:45,loeowl,0.035313960164785385,4
1497,2:04:45,eueowl1,0.029867064207792282,5
1498,2:04:50,commoo3,0.0820508599281311,1
1498,2:04:50,eurcoo,0.07170700281858444,2
1498,2:04:50,eueowl1,0.051610495895147324,3
1498,2:04:50,loeowl,0.037590391933918,4
1498,2:04:50,watrai1,0.03145839273929596,5
1499,2:04:55,commoo3,0.08560722321271896,1
1499,2:04:55,eueowl1,0.06093444302678108,2
1499,2:04:55,tawowl1,0.05129611864686012,3
1499,2:04:55,loeowl,0.04387860372662544,4
1499,2:04:55,eurcoo,0.03754432871937752,5
1500,2:05:00,commoo3,0.13722677528858185,1
1500,2:05:00,eurcoo,0.07297448068857193,2
1500,2:05:00,loeowl,0.0478622242808342,3
1500,2:05:00,bargol,0.04642375931143761,4
1500,2:05:00,eueowl1,0.03461595997214317,5
1501,2:05:05,loeowl,0.08106321841478348,1
1501,2:05:05,tawowl1,0.03760881721973419,2
1501,2:05:05,eueowl1,0.03645141050219536,3
1501,2:05:05,comrav,0.03595472872257233,4
1501,2:05:05,hazgro1,0.03134172409772873,5
1502,2:05:10,loeowl,0.0676041841506958,1
1502,2:05:10,eurcoo,0.06349591910839081,2
1502,2:05:10,blawoo1,0.05077391490340233,3
1502,2:05:10,commoo3,0.037191540002822876,4
1502,2:05:10,tawowl1,0.03541611507534981,5
1503,2:05:15,eurcoo,0.06231273338198662,1
1503,2:05:15,loeowl,0.04582539200782776,2
1503,2:05:15,tawowl1,0.039962418377399445,3
1503,2:05:15,commoo3,0.03589019924402237,4
1503,2:05:15,grebit1,0.0343756377696991,5
1504,2:05:20,norsho,0.04937196895480156,1
1504,2:05:20,jacsni,0.03532090038061142,2
1504,2:05:20,mutswa,0.028511764481663704,3
1504,2:05:20,tawowl1,0.028143584728240967,4
1504,2:05:20,commoo3,0.027081483975052834,5
1505,2:05:25,norsho,0.07640913873910904,1
1505,2:05:25,eurcoo,0.07034468650817871,2
1505,2:05:25,tawowl1,0.04644813388586044,3
1505,2:05:25,commoo3,0.03204885497689247,4
1505,2:05:25,loeowl,0.02452375367283821,5
1506,2:05:30,commoo3,0.07465740293264389,1
1506,2:05:30,eurcoo,0.07041294872760773,2
1506,2:05:30,tawowl1,0.040977854281663895,3
1506,2:05:30,loeowl,0.037790678441524506,4
1506,2:05:30,eueowl1,0.024086078628897667,5
1507,2:05:35,bargol,0.06417800486087799,1
1507,2:05:35,norsho,0.059643831104040146,2
1507,2:05:35,commoo3,0.04589003697037697,3
1507,2:05:35,comrav,0.03495653346180916,4
1507,2:05:35,rinphe,0.031119996681809425,5
1508,2:05:40,loeowl,0.062979556620121,1
1508,2:05:40,watrai1,0.044385507702827454,2
1508,2:05:40,eurcoo,0.04075434058904648,3
1508,2:05:40,blawoo1,0.03530453145503998,4
1508,2:05:40,wilpta,0.033962249755859375,5
1509,2:05:45,brnowl,0.13676320016384125,1
1509,2:05:45,loeowl,0.12260853499174118,2
1509,2:05:45,eueowl1,0.06669706106185913,3
1509,2:05:45,tawowl1,0.04039011895656586,4
1509,2:05:45,litowl1,0.020435471087694168,5
1510,2:05:50,norsho,0.061236001551151276,1
1510,2:05:50,eurcoo,0.05107694864273071,2
1510,2:05:50,tawowl1,0.04761113226413727,3
1510,2:05:50,commoo3,0.039672091603279114,4
1510,2:05:50,loeowl,0.03416720777750015,5
1511,2:05:55,commoo3,0.0922420397400856,1
1511,2:05:55,grefla3,0.07288528978824615,2
1511,2:05:55,jacsni,0.06186119094491005,3
1511,2:05:55,eurcoo,0.0516381673514843,4
1511,2:05:55,comqua1,0.04804869741201401,5
1512,2:06:00,loeowl,0.12658630311489105,1
1512,2:06:00,eurcoo,0.08884154260158539,2
1512,2:06:00,watrai1,0.08485041558742523,3
1512,2:06:00,commoo3,0.08260698616504669,4
1512,2:06:00,eueowl1,0.06020190194249153,5
1513,2:06:05,tawowl1,0.051668211817741394,1
1513,2:06:05,comcra,0.04279537498950958,2
1513,2:06:05,loeowl,0.04224775359034538,3
1513,2:06:05,watrai1,0.03534737229347229,4
1513,2:06:05,comrav,0.03234798461198807,5
1514,2:06:10,eurnig1,0.02455509826540947,1
1514,2:06:10,spofly1,0.019376613199710846,2
1514,2:06:10,tawowl1,0.01851660944521427,3
1514,2:06:10,loeowl,0.017169736325740814,4
1514,2:06:10,hazgro1,0.01580241695046425,5
1515,2:06:15,comqua1,0.0467187725007534,1
1515,2:06:15,loeowl,0.034222789108753204,2
1515,2:06:15,tawowl1,0.029134221374988556,3
1515,2:06:15,ortbun1,0.025884857401251793,4
1515,2:06:15,eurnig1,0.025472037494182587,5
1516,2:06:20,tawowl1,0.06088443100452423,1
1516,2:06:20,eurcoo,0.04736470803618431,2
1516,2:06:20,commoo3,0.045476146042346954,3
1516,2:06:20,blksco1,0.04331352561712265,4
1516,2:06:20,eueowl1,0.03604889661073685,5
1517,2:06:25,comqua1,0.04598613828420639,1
1517,2:06:25,loeowl,0.04188470169901848,2
1517,2:06:25,eurnig1,0.04059045389294624,3
1517,2:06:25,tawowl1,0.03671504557132721,4
1517,2:06:25,commoo3,0.03481488302350044,5
1518,2:06:30,loeowl,0.09427423030138016,1
1518,2:06:30,commoo3,0.06830374896526337,2
1518,2:06:30,tawowl1,0.05628792941570282,3
1518,2:06:30,eurcoo,0.04182560741901398,4
1518,2:06:30,brnowl,0.04049862176179886,5
1519,2:06:35,tawowl1,0.08494549989700317,1
1519,2:06:35,commoo3,0.05932415649294853,2
1519,2:06:35,loeowl,0.056878186762332916,3
1519,2:06:35,eurcoo,0.0457044281065464,4
1519,2:06:35,eueowl1,0.035327836871147156,5
1520,2:06:40,commoo3,0.09779419749975204,1
1520,2:06:40,comqua1,0.08416224271059036,2
1520,2:06:40,rerwhe1,0.05531037226319313,3
1520,2:06:40,batlar1,0.023754632100462914,4
1520,2:06:40,eurnig1,0.02267073467373848,5
1521,2:06:45,loeowl,0.0883711501955986,1
1521,2:06:45,tawowl1,0.08077900111675262,2
1521,2:06:45,eueowl1,0.029586777091026306,3
1521,2:06:45,eurcoo,0.025670791044831276,4
1521,2:06:45,watrai1,0.025374427437782288,5
1522,2:06:50,loeowl,0.08946605026721954,1
1522,2:06:50,commoo3,0.06792403012514114,2
1522,2:06:50,eurcoo,0.05824359133839607,3
1522,2:06:50,tawowl1,0.05302755907177925,4
1522,2:06:50,eurnig1,0.05034056678414345,5
1523,2:06:55,comqua1,0.1573449969291687,1
1523,2:06:55,commoo3,0.07051653414964676,2
1523,2:06:55,eurnig1,0.04713515192270279,3
1523,2:06:55,loeowl,0.04160697013139725,4
1523,2:06:55,watrai1,0.038012225180864334,5
1524,2:07:00,loeowl,0.10704410076141357,1
1524,2:07:00,eurnig1,0.07851366698741913,2
1524,2:07:00,eurcoo,0.052104029804468155,3
1524,2:07:00,tawowl1,0.05171354487538338,4
1524,2:07:00,commoo3,0.04734465107321739,5
1525,2:07:05,loeowl,0.07629451900720596,1
1525,2:07:05,tawowl1,0.07018058001995087,2
1525,2:07:05,commoo3,0.05066204443573952,3
1525,2:07:05,eueowl1,0.041755642741918564,4
1525,2:07:05,eurcoo,0.030406830832362175,5
1526,2:07:10,tawowl1,0.09138000011444092,1
1526,2:07:10,loeowl,0.04041339084506035,2
1526,2:07:10,eueowl1,0.03479741886258125,3
1526,2:07:10,commoo3,0.03318755328655243,4
1526,2:07:10,eurcoo,0.030999742448329926,5
1527,2:07:15,tawowl1,0.0767463743686676,1
1527,2:07:15,loeowl,0.06790515780448914,2
1527,2:07:15,eueowl1,0.03708614408969879,3
1527,2:07:15,commoo3,0.03000609204173088,4
1527,2:07:15,grebit1,0.028994405642151833,5
1528,2:07:20,brnowl,0.4491313695907593,1
1528,2:07:20,loeowl,0.13923919200897217,2
1528,2:07:20,tawowl1,0.03729807212948799,3
1528,2:07:20,eueowl1,0.03221272677183151,4
1528,2:07:20,litowl1,0.031350065022706985,5
1529,2:07:25,loeowl,0.14842753112316132,1
1529,2:07:25,brnowl,0.055289506912231445,2
1529,2:07:25,sheowl,0.037058621644973755,3
1529,2:07:25,tawowl1,0.031600117683410645,4
1529,2:07:25,eueowl1,0.028891874477267265,5
1530,2:07:30,loeowl,0.09449067711830139,1
1530,2:07:30,commoo3,0.09253375232219696,2
1530,2:07:30,tawowl1,0.07273862510919571,3
1530,2:07:30,eueowl1,0.04460039734840393,4
1530,2:07:30,eurcoo,0.03772347420454025,5
1531,2:07:35,spofly1,0.05193991959095001,1
1531,2:07:35,comqua1,0.020406724885106087,2
1531,2:07:35,tawowl1,0.019956905394792557,3
1531,2:07:35,brnowl,0.018623435869812965,4
1531,2:07:35,eupfly1,0.017807424068450928,5
1532,2:07:40,tawowl1,0.05150653421878815,1
1532,2:07:40,loeowl,0.034375566989183426,2
1532,2:07:40,litowl1,0.03389398381114006,3
1532,2:07:40,comrav,0.03372783958911896,4
1532,2:07:40,brnowl,0.03147688880562782,5
1533,2:07:45,brnowl,0.5071131587028503,1
1533,2:07:45,tawowl1,0.048775024712085724,2
1533,2:07:45,loeowl,0.04379008710384369,3
1533,2:07:45,ortbun1,0.02419024519622326,4
1533,2:07:45,eueowl1,0.014382795430719852,5
1534,2:07:50,comqua1,0.05910336598753929,1
1534,2:07:50,loeowl,0.043858602643013,2
1534,2:07:50,commoo3,0.03730564936995506,3
1534,2:07:50,watrai1,0.03548382967710495,4
1534,2:07:50,ortbun1,0.029712017625570297,5
1535,2:07:55,loeowl,0.06887750327587128,1
1535,2:07:55,eurnig1,0.05333314090967178,2
1535,2:07:55,bkbwoo,0.04131548851728439,3
1535,2:07:55,tawowl1,0.030202556401491165,4
1535,2:07:55,blawoo1,0.02917642705142498,5
1536,2:08:00,norsho,0.10900355130434036,1
1536,2:08:00,commoo3,0.06910187005996704,2
1536,2:08:00,jacsni,0.06364501267671585,3
1536,2:08:00,eurcoo,0.038585297763347626,4
1536,2:08:00,giacoo1,0.03698517754673958,5
1537,2:08:05,jacsni,0.07323736697435379,1
1537,2:08:05,commoo3,0.041551101952791214,2
1537,2:08:05,tawowl1,0.029976410791277885,3
1537,2:08:05,comrav,0.024117205291986465,4
1537,2:08:05,eurcoo,0.01853378862142563,5
1538,2:08:10,jacsni,0.07634957879781723,1
1538,2:08:10,commoo3,0.04501206800341606,2
1538,2:08:10,comeid,0.03360307589173317,3
1538,2:08:10,eurcoo,0.03287213668227196,4
1538,2:08:10,tawowl1,0.024362271651625633,5
1539,2:08:15,commoo3,0.08576851338148117,1
1539,2:08:15,jacsni,0.07162486761808395,2
1539,2:08:15,bargol,0.03850848227739334,3
1539,2:08:15,eurcoo,0.03751673176884651,4
1539,2:08:15,comeid,0.02293127216398716,5
1540,2:08:20,jacsni,0.048052120953798294,1
1540,2:08:20,comgol,0.0425204336643219,2
1540,2:08:20,tawowl1,0.040612637996673584,3
1540,2:08:20,mutswa,0.03845658153295517,4
1540,2:08:20,eurcoo,0.036865025758743286,5
1541,2:08:25,bargol,0.10141731798648834,1
1541,2:08:25,jacsni,0.09309113025665283,2
1541,2:08:25,commoo3,0.047617197036743164,3
1541,2:08:25,eurcoo,0.04234864562749863,4
1541,2:08:25,comgol,0.03363878279924393,5
1542,2:08:30,jacsni,0.05323105677962303,1
1542,2:08:30,loeowl,0.034978870302438736,2
1542,2:08:30,eurcoo,0.03332766517996788,3
1542,2:08:30,eurnig1,0.02339174784719944,4
1542,2:08:30,eueowl1,0.022350138053297997,5
1543,2:08:35,commoo3,0.08006130903959274,1
1543,2:08:35,jacsni,0.07725588977336884,2
1543,2:08:35,rocpta1,0.05733361095190048,3
1543,2:08:35,bargol,0.046224772930145264,4
1543,2:08:35,eurcoo,0.03241937980055809,5
1544,2:08:40,rocpta1,0.07749547064304352,1
1544,2:08:40,bargol,0.03825794532895088,2
1544,2:08:40,commoo3,0.0357392281293869,3
1544,2:08:40,eurnig1,0.028527654707431793,4
1544,2:08:40,bkbwoo,0.023763388395309448,5
1545,2:08:45,commoo3,0.061496783047914505,1
1545,2:08:45,eurcoo,0.030983103439211845,2
1545,2:08:45,tawowl1,0.029839199036359787,3
1545,2:08:45,loeowl,0.024620914831757545,4
1545,2:08:45,jacsni,0.019360432401299477,5
1546,2:08:50,commoo3,0.15990012884140015,1
1546,2:08:50,bargol,0.0520811565220356,2
1546,2:08:50,rocpta1,0.028411081060767174,3
1546,2:08:50,jacsni,0.02345096506178379,4
1546,2:08:50,smew,0.023381780833005905,5
1547,2:08:55,commoo3,0.2939367890357971,1
1547,2:08:55,bargol,0.09149724990129471,2
1547,2:08:55,jacsni,0.07199370861053467,3
1547,2:08:55,eurnig1,0.038099974393844604,4
1547,2:08:55,eurwig,0.030233517289161682,5
1548,2:09:00,norsho,0.1759776473045349,1
1548,2:09:00,commoo3,0.13949161767959595,2
1548,2:09:00,jacsni,0.05876859650015831,3
1548,2:09:00,bargol,0.042631249874830246,4
1548,2:09:00,loeowl,0.039406005293130875,5
1549,2:09:05,commoo3,0.1144062951207161,1
1549,2:09:05,bargol,0.09772084653377533,2
1549,2:09:05,jacsni,0.07466302067041397,3
1549,2:09:05,eurnig1,0.04596923664212227,4
1549,2:09:05,giacoo1,0.04570762440562248,5
1550,2:09:10,commoo3,0.08177536725997925,1
1550,2:09:10,norsho,0.057797618210315704,2
1550,2:09:10,jacsni,0.04103546589612961,3
1550,2:09:10,eurcoo,0.032683391124010086,4
1550,2:09:10,loeowl,0.030949126929044724,5
1551,2:09:15,jacsni,0.3179496228694916,1
1551,2:09:15,bargol,0.09322378784418106,2
1551,2:09:15,commoo3,0.038924623280763626,3
1551,2:09:15,norsho,0.037589773535728455,4
1551,2:09:15,giacoo1,0.03365469351410866,5
1552,2:09:20,jacsni,0.2669571340084076,1
1552,2:09:20,bargol,0.09604530036449432,2
1552,2:09:20,giacoo1,0.045759979635477066,3
1552,2:09:20,rocpta1,0.03375964239239693,4
1552,2:09:20,commoo3,0.027519743889570236,5
1553,2:09:25,eurnig1,0.10207068175077438,1
1553,2:09:25,rocpta1,0.09692949056625366,2
1553,2:09:25,bargol,0.05312342196702957,3
1553,2:09:25,loeowl,0.03171537443995476,4
1553,2:09:25,commoo3,0.030282342806458473,5
1554,2:09:30,commoo3,0.03351905941963196,1
1554,2:09:30,jacsni,0.029636608436703682,2
1554,2:09:30,comeid,0.02805425226688385,3
1554,2:09:30,mutswa,0.02525274083018303,4
1554,2:09:30,bargol,0.017187664285302162,5
1555,2:09:35,jacsni,0.07383910566568375,1
1555,2:09:35,norsho,0.06439822167158127,2
1555,2:09:35,bargol,0.052687693387269974,3
1555,2:09:35,mutswa,0.04191380739212036,4
1555,2:09:35,giacoo1,0.0319540910422802,5
1556,2:09:40,jacsni,0.06748764216899872,1
1556,2:09:40,commoo3,0.06009992957115173,2
1556,2:09:40,tawowl1,0.03474161773920059,3
1556,2:09:40,eurcoo,0.026075074449181557,4
1556,2:09:40,giacoo1,0.023990947753190994,5
1557,2:09:45,jacsni,0.5132797360420227,1
1557,2:09:45,commoo3,0.041591186076402664,2
1557,2:09:45,giacoo1,0.01880483143031597,3
1557,2:09:45,norsho,0.01807393878698349,4
1557,2:09:45,eurcoo,0.0158552099019289,5
1558,2:09:50,jacsni,0.14595137536525726,1
1558,2:09:50,norsho,0.05341067910194397,2
1558,2:09:50,commoo3,0.04167965427041054,3
1558,2:09:50,eurcoo,0.024388950318098068,4
1558,2:09:50,tawowl1,0.022879356518387794,5
1559,2:09:55,comeid,0.04646817967295647,1
1559,2:09:55,eurcoo,0.04377114400267601,2
1559,2:09:55,commoo3,0.04181387275457382,3
1559,2:09:55,smew,0.03334993124008179,4
1559,2:09:55,loeowl,0.02931215800344944,5
1560,2:10:00,jacsni,0.134140282869339,1
1560,2:10:00,commoo3,0.07345978170633316,2
1560,2:10:00,bargol,0.03246934339404106,3
1560,2:10:00,eurcoo,0.022063301876187325,4
1560,2:10:00,corbun1,0.021334635093808174,5
1561,2:10:05,bargol,0.09314179420471191,1
1561,2:10:05,giacoo1,0.047113873064517975,2
1561,2:10:05,commoo3,0.04650622978806496,3
1561,2:10:05,jacsni,0.035911981016397476,4
1561,2:10:05,smew,0.028678210452198982,5
1562,2:10:10,commoo3,0.0757702961564064,1
1562,2:10:10,eurcoo,0.04824713245034218,2
1562,2:10:10,grebit1,0.026994207873940468,3
1562,2:10:10,jacsni,0.024188218638300896,4
1562,2:10:10,loeowl,0.020077358931303024,5
1563,2:10:15,commoo3,0.28103330731391907,1
1563,2:10:15,spocra1,0.04263948276638985,2
1563,2:10:15,bktgod,0.02897333912551403,3
1563,2:10:15,litgre1,0.023966461420059204,4
1563,2:10:15,jacsni,0.018093466758728027,5
1564,2:10:20,tawowl1,0.03258819505572319,1
1564,2:10:20,commoo3,0.02489045076072216,2
1564,2:10:20,veggul1,0.02085256576538086,3
1564,2:10:20,jacsni,0.020335806533694267,4
1564,2:10:20,litowl1,0.018915697932243347,5
1565,2:10:25,brnowl,0.17592328786849976,1
1565,2:10:25,loeowl,0.06887579709291458,2
1565,2:10:25,litowl1,0.06200430169701576,3
1565,2:10:25,eueowl1,0.04658041521906853,4
1565,2:10:25,tawowl1,0.03192010894417763,5
1566,2:10:30,absfin1,0.15690389275550842,1
1566,2:10:30,brnowl,0.058044519275426865,2
1566,2:10:30,eueowl1,0.027379365637898445,3
1566,2:10:30,tawowl1,0.02452801540493965,4
1566,2:10:30,brdowl,0.021191582083702087,5
1567,2:10:35,brnowl,0.4437146782875061,1
1567,2:10:35,litowl1,0.08303151279687881,2
1567,2:10:35,tawowl1,0.042005423456430435,3
1567,2:10:35,loeowl,0.015053985640406609,4
1567,2:10:35,eueowl1,0.0149740781635046,5
1568,2:10:40,brnowl,0.2461194396018982,1
1568,2:10:40,litowl1,0.08721490204334259,2
1568,2:10:40,tawowl1,0.022970035672187805,3
1568,2:10:40,brdowl,0.02104441076517105,4
1568,2:10:40,eueowl1,0.017193404957652092,5
1569,2:10:45,tawowl1,0.06023678928613663,1
1569,2:10:45,commoo3,0.05499052628874779,2
1569,2:10:45,blagro1,0.04064850136637688,3
1569,2:10:45,eueowl1,0.026949599385261536,4
1569,2:10:45,litowl1,0.02691108174622059,5
1570,2:10:50,tawowl1,0.034291286021471024,1
1570,2:10:50,watrai1,0.028019793331623077,2
1570,2:10:50,loeowl,0.022944865748286247,3
1570,2:10:50,ortbun1,0.02105538733303547,4
1570,2:10:50,eueowl1,0.02088354527950287,5
1571,2:10:55,tawowl1,0.0652237981557846,1
1571,2:10:55,loeowl,0.041076675057411194,2
1571,2:10:55,litowl1,0.03560293838381767,3
1571,2:10:55,commoo3,0.03281330689787865,4
1571,2:10:55,eueowl1,0.03172921761870384,5
1572,2:11:00,loeowl,0.06061916425824165,1
1572,2:11:00,tawowl1,0.05226650461554527,2
1572,2:11:00,commoo3,0.03269268944859505,3
1572,2:11:00,jacsni,0.03125007450580597,4
1572,2:11:00,eueowl1,0.02978898026049137,5
1573,2:11:05,loeowl,0.07672914117574692,1
1573,2:11:05,tawowl1,0.050867725163698196,2
1573,2:11:05,eueowl1,0.036422912031412125,3
1573,2:11:05,comrav,0.03290514647960663,4
1573,2:11:05,commoo3,0.0315324068069458,5
1574,2:11:10,tawowl1,0.053250860422849655,1
1574,2:11:10,blagro1,0.04584020376205444,2
1574,2:11:10,hazgro1,0.03556045517325401,3
1574,2:11:10,loeowl,0.03503383323550224,4
1574,2:11:10,commoo3,0.03416562080383301,5
1575,2:11:15,loeowl,0.12866047024726868,1
1575,2:11:15,tawowl1,0.051884278655052185,2
1575,2:11:15,eueowl1,0.036153726279735565,3
1575,2:11:15,commoo3,0.02841564267873764,4
1575,2:11:15,hazgro1,0.026042534038424492,5
1576,2:11:20,loeowl,0.0483391173183918,1
1576,2:11:20,tawowl1,0.039687663316726685,2
1576,2:11:20,comrav,0.03255104646086693,3
1576,2:11:20,norsho,0.026861615478992462,4
1576,2:11:20,eueowl1,0.02682228945195675,5
1577,2:11:25,norsho,0.14398567378520966,1
1577,2:11:25,commoo3,0.1146986111998558,2
1577,2:11:25,tawowl1,0.0371430404484272,3
1577,2:11:25,mallar3,0.033370573073625565,4
1577,2:11:25,jacsni,0.02817145176231861,5
1578,2:11:30,commoo3,0.10642494261264801,1
1578,2:11:30,loeowl,0.06776795536279678,2
1578,2:11:30,tawowl1,0.047880202531814575,3
1578,2:11:30,eurcoo,0.03407898545265198,4
1578,2:11:30,eueowl1,0.031587548553943634,5
1579,2:11:35,loeowl,0.08907917886972427,1
1579,2:11:35,tawowl1,0.05896831303834915,2
1579,2:11:35,eurnig1,0.05379635468125343,3
1579,2:11:35,eueowl1,0.043171536177396774,4
1579,2:11:35,commoo3,0.038844481110572815,5
1580,2:11:40,loeowl,0.059510521590709686,1
1580,2:11:40,tawowl1,0.037938568741083145,2
1580,2:11:40,eurnig1,0.0357731431722641,3
1580,2:11:40,eurcoo,0.024218283593654633,4
1580,2:11:40,eueowl1,0.019883528351783752,5
1581,2:11:45,norsho,0.07471029460430145,1
1581,2:11:45,rinphe,0.05720888823270798,2
1581,2:11:45,commoo3,0.051908157765865326,3
1581,2:11:45,tawowl1,0.035224758088588715,4
1581,2:11:45,eurcoo,0.03466838225722313,5
1582,2:11:50,loeowl,0.09613008052110672,1
1582,2:11:50,commoo3,0.06736984848976135,2
1582,2:11:50,tawowl1,0.0613730251789093,3
1582,2:11:50,eurcoo,0.04857081547379494,4
1582,2:11:50,eueowl1,0.046069785952568054,5
1583,2:11:55,brnowl,0.37528300285339355,1
1583,2:11:55,loeowl,0.06745243072509766,2
1583,2:11:55,tawowl1,0.05708201602101326,3
1583,2:11:55,eueowl1,0.03988545387983322,4
1583,2:11:55,litowl1,0.03699958696961403,5
1584,2:12:00,commoo3,0.04818333685398102,1
1584,2:12:00,tawowl1,0.0376322865486145,2
1584,2:12:00,eurcoo,0.03442477434873581,3
1584,2:12:00,mutswa,0.028521306812763214,4
1584,2:12:00,jacsni,0.0258529894053936,5
1585,2:12:05,commoo3,0.041342783719301224,1
1585,2:12:05,giacoo1,0.03725932911038399,2
1585,2:12:05,tawowl1,0.03237788751721382,3
1585,2:12:05,eueowl1,0.02990003302693367,4
1585,2:12:05,jacsni,0.029851475730538368,5
1586,2:12:10,brnowl,0.0821819007396698,1
1586,2:12:10,norsho,0.07194040715694427,2
1586,2:12:10,eueowl1,0.06920516490936279,3
1586,2:12:10,jacsni,0.05586693435907364,4
1586,2:12:10,giacoo1,0.05267366021871567,5
1587,2:12:15,loeowl,0.03564987704157829,1
1587,2:12:15,tawowl1,0.033800557255744934,2
1587,2:12:15,eurnig1,0.030468879267573357,3
1587,2:12:15,commoo3,0.027506710961461067,4
1587,2:12:15,eueowl1,0.027083706110715866,5
1588,2:12:20,commoo3,0.092502161860466,1
1588,2:12:20,tawowl1,0.04440316557884216,2
1588,2:12:20,loeowl,0.037006132304668427,3
1588,2:12:20,eueowl1,0.03638072311878204,4
1588,2:12:20,eurcoo,0.03002084605395794,5
1589,2:12:25,commoo3,0.09581362456083298,1
1589,2:12:25,norsho,0.047399844974279404,2
1589,2:12:25,jacsni,0.04560010880231857,3
1589,2:12:25,bargol,0.034950319677591324,4
1589,2:12:25,giacoo1,0.02834486775100231,5
1590,2:12:30,commoo3,0.09807240962982178,1
1590,2:12:30,loeowl,0.09116821736097336,2
1590,2:12:30,hazgro1,0.04091084375977516,3
1590,2:12:30,tawowl1,0.03674924746155739,4
1590,2:12:30,eurcoo,0.02925950102508068,5
1591,2:12:35,jacsni,0.08716922253370285,1
1591,2:12:35,tawowl1,0.07804914563894272,2
1591,2:12:35,loeowl,0.07800842821598053,3
1591,2:12:35,eueowl1,0.041722483932971954,4
1591,2:12:35,eurcoo,0.03170856088399887,5
1592,2:12:40,commoo3,0.12066113203763962,1
1592,2:12:40,loeowl,0.06177743151783943,2
1592,2:12:40,eurnig1,0.036971889436244965,3
1592,2:12:40,tawowl1,0.035269126296043396,4
1592,2:12:40,wilpta,0.03444167226552963,5
1593,2:12:45,commoo3,0.07381746917963028,1
1593,2:12:45,comqua1,0.06239783391356468,2
1593,2:12:45,loeowl,0.032069433480501175,3
1593,2:12:45,eurnig1,0.028461871668696404,4
1593,2:12:45,tawowl1,0.024745825678110123,5
1594,2:12:50,loeowl,0.10130229592323303,1
1594,2:12:50,commoo3,0.059988707304000854,2
1594,2:12:50,tawowl1,0.05765819177031517,3
1594,2:12:50,eueowl1,0.03548317030072212,4
1594,2:12:50,eurnig1,0.03305394574999809,5
1595,2:12:55,loeowl,0.05715607479214668,1
1595,2:12:55,comqua1,0.04103367030620575,2
1595,2:12:55,eurnig1,0.03797628730535507,3
1595,2:12:55,wescap1,0.03478666767477989,4
1595,2:12:55,wilpta,0.02639087662100792,5
1596,2:13:00,loeowl,0.06371573358774185,1
1596,2:13:00,tawowl1,0.05681910365819931,2
1596,2:13:00,comqua1,0.045847825706005096,3
1596,2:13:00,wilpta,0.02682548388838768,4
1596,2:13:00,eueowl1,0.025108998641371727,5
1597,2:13:05,loeowl,0.17195725440979004,1
1597,2:13:05,tawowl1,0.0813194215297699,2
1597,2:13:05,eurcoo,0.04033409059047699,3
1597,2:13:05,commoo3,0.03021951951086521,4
1597,2:13:05,eurnig1,0.0267831739038229,5
1598,2:13:10,tawowl1,0.06175196170806885,1
1598,2:13:10,loeowl,0.049122393131256104,2
1598,2:13:10,eueowl1,0.03883318603038788,3
1598,2:13:10,commoo3,0.028730306774377823,4
1598,2:13:10,eurcoo,0.02732197381556034,5
1599,2:13:15,tawowl1,0.09373367577791214,1
1599,2:13:15,loeowl,0.08784718066453934,2
1599,2:13:15,commoo3,0.044662658125162125,3
1599,2:13:15,eueowl1,0.0376075841486454,4
1599,2:13:15,eurcoo,0.028416629880666733,5
1600,2:13:20,tawowl1,0.0958065539598465,1
1600,2:13:20,commoo3,0.05758832395076752,2
1600,2:13:20,eueowl1,0.03951442986726761,3
1600,2:13:20,loeowl,0.03326791897416115,4
1600,2:13:20,watrai1,0.02892262488603592,5
1601,2:13:25,loeowl,0.0993744358420372,1
1601,2:13:25,tawowl1,0.05928363278508186,2
1601,2:13:25,hazgro1,0.044826772063970566,3
1601,2:13:25,eueowl1,0.03590812161564827,4
1601,2:13:25,grebit1,0.03174964711070061,5
1602,2:13:30,tawowl1,0.06286763399839401,1
1602,2:13:30,commoo3,0.05856863781809807,2
1602,2:13:30,watrai1,0.050787005573511124,3
1602,2:13:30,eurcoo,0.0402970165014267,4
1602,2:13:30,eueowl1,0.030240602791309357,5
1603,2:13:35,loeowl,0.06867337226867676,1
1603,2:13:35,tawowl1,0.05644311383366585,2
1603,2:13:35,eurcoo,0.03530162572860718,3
1603,2:13:35,eueowl1,0.032150112092494965,4
1603,2:13:35,watrai1,0.028740279376506805,5
1604,2:13:40,commoo3,0.050791580229997635,1
1604,2:13:40,wescap1,0.03641321882605553,2
1604,2:13:40,rinphe,0.026262575760483742,3
1604,2:13:40,shtgro,0.024420708417892456,4
1604,2:13:40,tawowl1,0.023335054516792297,5
1605,2:13:45,comrav,0.05879911407828331,1
1605,2:13:45,tawowl1,0.05745812878012657,2
1605,2:13:45,rinphe,0.03520149737596512,3
1605,2:13:45,eueowl1,0.03073219768702984,4
1605,2:13:45,watrai1,0.027615061029791832,5
1606,2:13:50,tawowl1,0.08426368981599808,1
1606,2:13:50,eueowl1,0.05724595487117767,2
1606,2:13:50,eurcoo,0.050479188561439514,3
1606,2:13:50,loeowl,0.04181661084294319,4
1606,2:13:50,brnowl,0.03973664343357086,5
1607,2:13:55,eurnut1,0.22239446640014648,1
1607,2:13:55,eurjay1,0.19180095195770264,2
1607,2:13:55,brnowl,0.0726483166217804,3
1607,2:13:55,tawowl1,0.032183170318603516,4
1607,2:13:55,stejay,0.023669546470046043,5
1608,2:14:00,tawowl1,0.07869498431682587,1
1608,2:14:00,eueowl1,0.055172912776470184,2
1608,2:14:00,loeowl,0.045918796211481094,3
1608,2:14:00,blagro1,0.033610787242650986,4
1608,2:14:00,watrai1,0.02551981620490551,5
1609,2:14:05,tawowl1,0.11386921256780624,1
1609,2:14:05,eueowl1,0.051125675439834595,2
1609,2:14:05,eurcoo,0.049317922443151474,3
1609,2:14:05,loeowl,0.04402875527739525,4
1609,2:14:05,commoo3,0.037370916455984116,5
1610,2:14:10,tawowl1,0.054810550063848495,1
1610,2:14:10,loeowl,0.04853152856230736,2
1610,2:14:10,wesowl1,0.034974656999111176,3
1610,2:14:10,watrai1,0.02918865531682968,4
1610,2:14:10,commoo3,0.023307926952838898,5
1611,2:14:15,brnowl,0.1031271293759346,1
1611,2:14:15,loeowl,0.06327994912862778,2
1611,2:14:15,tawowl1,0.050890982151031494,3
1611,2:14:15,eueowl1,0.038773875683546066,4
1611,2:14:15,eurnig1,0.020052295178174973,5
1612,2:14:20,tawowl1,0.07532542943954468,1
1612,2:14:20,eueowl1,0.04949699342250824,2
1612,2:14:20,loeowl,0.04683322086930275,3
1612,2:14:20,nswowl,0.026841575279831886,4
1612,2:14:20,watrai1,0.023343710228800774,5
1613,2:14:25,sonthr1,0.12143976241350174,1
1613,2:14:25,eueowl1,0.11128905415534973,2
1613,2:14:25,litbun,0.09277867525815964,3
1613,2:14:25,eurrob1,0.05996335297822952,4
1613,2:14:25,loeowl,0.04684728756546974,5
1614,2:14:30,tawowl1,0.0956326276063919,1
1614,2:14:30,eueowl1,0.07769216597080231,2
1614,2:14:30,commoo3,0.046972308307886124,3
1614,2:14:30,eurcoo,0.03706618398427963,4
1614,2:14:30,watrai1,0.03535022959113121,5
1615,2:14:35,brnowl,0.1143171489238739,1
1615,2:14:35,tawowl1,0.09342566132545471,2
1615,2:14:35,eueowl1,0.050756823271512985,3
1615,2:14:35,litowl1,0.04679606854915619,4
1615,2:14:35,commoo3,0.04024122282862663,5
1616,2:14:40,litowl1,0.2691895663738251,1
1616,2:14:40,brnowl,0.09713636338710785,2
1616,2:14:40,tawowl1,0.05426856502890587,3
1616,2:14:40,loeowl,0.032085418701171875,4
1616,2:14:40,eueowl1,0.026764899492263794,5
1617,2:14:45,blagro1,0.06371305882930756,1
1617,2:14:45,tawowl1,0.05780285969376564,2
1617,2:14:45,comrav,0.03932277485728264,3
1617,2:14:45,commoo3,0.030778080224990845,4
1617,2:14:45,loeowl,0.02913575991988182,5
1618,2:14:50,tawowl1,0.10039398074150085,1
1618,2:14:50,eueowl1,0.02969181165099144,2
1618,2:14:50,loeowl,0.0286922138184309,3
1618,2:14:50,comqua1,0.027353255078196526,4
1618,2:14:50,commoo3,0.024382032454013824,5
1619,2:14:55,brnowl,0.1853216141462326,1
1619,2:14:55,litowl1,0.07582847028970718,2
1619,2:14:55,tawowl1,0.05474149063229561,3
1619,2:14:55,eueowl1,0.041686493903398514,4
1619,2:14:55,brdowl,0.03398790583014488,5
1620,2:15:00,tawowl1,0.12364204227924347,1
1620,2:15:00,loeowl,0.06943383067846298,2
1620,2:15:00,eurcoo,0.0691089853644371,3
1620,2:15:00,commoo3,0.0447576530277729,4
1620,2:15:00,grebit1,0.03326524421572685,5
1621,2:15:05,tawowl1,0.10417883098125458,1
1621,2:15:05,loeowl,0.069539375603199,2
1621,2:15:05,commoo3,0.03508492559194565,3
1621,2:15:05,eueowl1,0.033486053347587585,4
1621,2:15:05,eurnig1,0.025318460538983345,5
1622,2:15:10,tawowl1,0.12669752538204193,1
1622,2:15:10,loeowl,0.07852276414632797,2
1622,2:15:10,eueowl1,0.02901127189397812,3
1622,2:15:10,commoo3,0.02631302922964096,4
1622,2:15:10,eurcoo,0.02566881850361824,5
1623,2:15:15,tawowl1,0.06231426075100899,1
1623,2:15:15,loeowl,0.047837864607572556,2
1623,2:15:15,eurrob1,0.03337347134947777,3
1623,2:15:15,eueowl1,0.025950567796826363,4
1623,2:15:15,comrav,0.02350088395178318,5
1624,2:15:20,tawowl1,0.11722908914089203,1
1624,2:15:20,eueowl1,0.04750213399529457,2
1624,2:15:20,commoo3,0.038348838686943054,3
1624,2:15:20,loeowl,0.034504570066928864,4
1624,2:15:20,eurcoo,0.023752672597765923,5
1625,2:15:25,tawowl1,0.07475203275680542,1
1625,2:15:25,loeowl,0.05019223317503929,2
1625,2:15:25,eurcoo,0.04476179555058479,3
1625,2:15:25,comchi1,0.023072823882102966,4
1625,2:15:25,eurrob1,0.02272283285856247,5
1626,2:15:30,tawowl1,0.07219133526086807,1
1626,2:15:30,loeowl,0.03754289075732231,2
1626,2:15:30,ortbun1,0.035556212067604065,3
1626,2:15:30,eueowl1,0.027860509231686592,4
1626,2:15:30,eurcoo,0.018955834209918976,5
1627,2:15:35,tawowl1,0.10154283791780472,1
1627,2:15:35,loeowl,0.06278008967638016,2
1627,2:15:35,eurcoo,0.0376025028526783,3
1627,2:15:35,commoo3,0.035877104848623276,4
1627,2:15:35,eueowl1,0.03399582579731941,5
1628,2:15:40,tawowl1,0.1363738626241684,1
1628,2:15:40,loeowl,0.052133843302726746,2
1628,2:15:40,commoo3,0.04930766299366951,3
1628,2:15:40,eurcoo,0.03397679328918457,4
1628,2:15:40,eueowl1,0.030791400000452995,5
1629,2:15:45,tawowl1,0.1154581755399704,1
1629,2:15:45,commoo3,0.06968396157026291,2
1629,2:15:45,loeowl,0.05521368607878685,3
1629,2:15:45,eurcoo,0.04782697930932045,4
1629,2:15:45,eueowl1,0.03717492148280144,5
1630,2:15:50,tawowl1,0.08387987315654755,1
1630,2:15:50,loeowl,0.08252310752868652,2
1630,2:15:50,commoo3,0.039743822067976,3
1630,2:15:50,eueowl1,0.035593681037425995,4
1630,2:15:50,eurcoo,0.0277082696557045,5
1631,2:15:55,tawowl1,0.07836869359016418,1
1631,2:15:55,eurcoo,0.06594721972942352,2
1631,2:15:55,commoo3,0.053353484719991684,3
1631,2:15:55,eurnig1,0.051429152488708496,4
1631,2:15:55,loeowl,0.04918690398335457,5
1632,2:16:00,tawowl1,0.10500872135162354,1
1632,2:16:00,loeowl,0.08438084274530411,2
1632,2:16:00,commoo3,0.04012610390782356,3
1632,2:16:00,eurcoo,0.03391382470726967,4
1632,2:16:00,eurnig1,0.032649461179971695,5
1633,2:16:05,tawowl1,0.10579366981983185,1
1633,2:16:05,loeowl,0.06783457100391388,2
1633,2:16:05,eurcoo,0.05951518192887306,3
1633,2:16:05,commoo3,0.05420062690973282,4
1633,2:16:05,eurnig1,0.027308495715260506,5
1634,2:16:10,tawowl1,0.09981053322553635,1
1634,2:16:10,loeowl,0.08686207234859467,2
1634,2:16:10,commoo3,0.05869017541408539,3
1634,2:16:10,eurcoo,0.05547822266817093,4
1634,2:16:10,eurnig1,0.04268952086567879,5
1635,2:16:15,tawowl1,0.11725659668445587,1
1635,2:16:15,loeowl,0.07317323237657547,2
1635,2:16:15,commoo3,0.04884048178792,3
1635,2:16:15,eurcoo,0.04014519974589348,4
1635,2:16:15,eueowl1,0.02708400785923004,5
1636,2:16:20,tawowl1,0.12045414745807648,1
1636,2:16:20,commoo3,0.07571180164813995,2
1636,2:16:20,eurcoo,0.0665179193019867,3
1636,2:16:20,eurnig1,0.049642156809568405,4
1636,2:16:20,loeowl,0.04513310641050339,5
1637,2:16:25,tawowl1,0.06949114054441452,1
1637,2:16:25,commoo3,0.06335834413766861,2
1637,2:16:25,eurnig1,0.044590726494789124,3
1637,2:16:25,eueowl1,0.04357021301984787,4
1637,2:16:25,eurcoo,0.03780309483408928,5
1638,2:16:30,tawowl1,0.06497039645910263,1
1638,2:16:30,eueowl1,0.05897344648838043,2
1638,2:16:30,commoo3,0.0572364442050457,3
1638,2:16:30,eurcoo,0.0518156997859478,4
1638,2:16:30,eurnig1,0.035549331456422806,5
1639,2:16:35,tawowl1,0.10193385183811188,1
1639,2:16:35,manshe,0.08136206120252609,2
1639,2:16:35,commoo3,0.06479745358228683,3
1639,2:16:35,eueowl1,0.03399823233485222,4
1639,2:16:35,comqua1,0.03157128021121025,5
1640,2:16:40,commoo3,0.05902954190969467,1
1640,2:16:40,tawowl1,0.05441692844033241,2
1640,2:16:40,eueowl1,0.049690842628479004,3
1640,2:16:40,loeowl,0.04818372428417206,4
1640,2:16:40,eurcoo,0.03950067237019539,5
1641,2:16:45,commoo3,0.06446123868227005,1
1641,2:16:45,eueowl1,0.05136192962527275,2
1641,2:16:45,tawowl1,0.04238937422633171,3
1641,2:16:45,eurcoo,0.03980577737092972,4
1641,2:16:45,watrai1,0.03719279170036316,5
1642,2:16:50,commoo3,0.057529497891664505,1
1642,2:16:50,eurnig1,0.055465154349803925,2
1642,2:16:50,watrai1,0.04196560010313988,3
1642,2:16:50,eurcoo,0.039756983518600464,4
1642,2:16:50,grebit1,0.036091148853302,5
1643,2:16:55,eurrob1,0.17726877331733704,1
1643,2:16:55,eurbla,0.04931320250034332,2
1643,2:16:55,eurtre1,0.04238345846533775,3
1643,2:16:55,tawowl1,0.032270967960357666,4
1643,2:16:55,commoo3,0.025403156876564026,5
1644,2:17:00,tawowl1,0.059493593871593475,1
1644,2:17:00,eurnig1,0.05130762234330177,2
1644,2:17:00,loeowl,0.04365881532430649,3
1644,2:17:00,commoo3,0.042044058442115784,4
1644,2:17:00,grebit1,0.04154549539089203,5
1645,2:17:05,tawowl1,0.08550983667373657,1
1645,2:17:05,commoo3,0.06163110211491585,2
1645,2:17:05,eueowl1,0.04325100779533386,3
1645,2:17:05,loeowl,0.04112625867128372,4
1645,2:17:05,comqua1,0.040256939828395844,5
1646,2:17:10,eurtre1,0.18589168787002563,1
1646,2:17:10,eurrob1,0.14231909811496735,2
1646,2:17:10,shttre1,0.05362122133374214,3
1646,2:17:10,eurbla,0.04585142061114311,4
1646,2:17:10,redwin,0.04294635355472565,5
1647,2:17:15,eugplo,0.058265507221221924,1
1647,2:17:15,eurdot,0.05787663534283638,2
1647,2:17:15,comred1,0.053962357342243195,3
1647,2:17:15,comgre,0.03276427090167999,4
1647,2:17:15,eurnig1,0.03155573457479477,5
1648,2:17:20,tawowl1,0.09416066110134125,1
1648,2:17:20,eueowl1,0.04283400624990463,2
1648,2:17:20,eurcoo,0.03629487380385399,3
1648,2:17:20,commoo3,0.035239361226558685,4
1648,2:17:20,loeowl,0.030105989426374435,5
1649,2:17:25,brnowl,0.2871358096599579,1
1649,2:17:25,tawowl1,0.04596986621618271,2
1649,2:17:25,eueowl1,0.04187032952904701,3
1649,2:17:25,loeowl,0.036013394594192505,4
1649,2:17:25,grhowl,0.02454051747918129,5
1650,2:17:30,tawowl1,0.12312015891075134,1
1650,2:17:30,eueowl1,0.06185700371861458,2
1650,2:17:30,commoo3,0.05866776779294014,3
1650,2:17:30,eurcoo,0.047556426376104355,4
1650,2:17:30,watrai1,0.03467583656311035,5
1651,2:17:35,spofly1,0.029283294454216957,1
1651,2:17:35,trepip,0.01580912619829178,2
1651,2:17:35,tawowl1,0.01527464110404253,3
1651,2:17:35,rocpig,0.014928719960153103,4
1651,2:17:35,mutswa,0.014483824372291565,5
1652,2:17:40,tawowl1,0.03330531716346741,1
1652,2:17:40,brnowl,0.02001183107495308,2
1652,2:17:40,eueowl1,0.01847042143344879,3
1652,2:17:40,ortbun1,0.018434500321745872,4
1652,2:17:40,litowl1,0.015737993642687798,5
1653,2:17:45,litowl1,0.05625876039266586,1
1653,2:17:45,tawowl1,0.052176736295223236,2
1653,2:17:45,brnowl,0.04944905638694763,3
1653,2:17:45,eueowl1,0.023775368928909302,4
1653,2:17:45,commoo3,0.02324972115457058,5
1654,2:17:50,rocpig,0.05713971331715584,1
1654,2:17:50,tawowl1,0.051807645708322525,2
1654,2:17:50,litowl1,0.03873225674033165,3
1654,2:17:50,cowpig1,0.028534792363643646,4
1654,2:17:50,eurrob1,0.027956172823905945,5
1655,2:17:55,brnowl,0.1692078709602356,1
1655,2:17:55,loeowl,0.04524494707584381,2
1655,2:17:55,eueowl1,0.036403294652700424,3
1655,2:17:55,litowl1,0.02809465304017067,4
1655,2:17:55,tawowl1,0.024203581735491753,5
1656,2:18:00,tawowl1,0.15783943235874176,1
1656,2:18:00,eueowl1,0.1064760833978653,2
1656,2:18:00,loeowl,0.06152193248271942,3
1656,2:18:00,brnowl,0.03772241249680519,4
1656,2:18:00,eurcoo,0.036639757454395294,5
1657,2:18:05,tawowl1,0.06864678859710693,1
1657,2:18:05,eueowl1,0.06781502813100815,2
1657,2:18:05,loeowl,0.051822729408741,3
1657,2:18:05,commoo3,0.03279219567775726,4
1657,2:18:05,watrai1,0.02586520090699196,5
1658,2:18:10,blksco1,0.10548838973045349,1
1658,2:18:10,eurcoo,0.07607066631317139,2
1658,2:18:10,tawowl1,0.06472048163414001,3
1658,2:18:10,eueowl1,0.06169141083955765,4
1658,2:18:10,grebit1,0.04518265277147293,5
1659,2:18:15,eurcoo,0.06394441425800323,1
1659,2:18:15,loeowl,0.06163175776600838,2
1659,2:18:15,tawowl1,0.057999007403850555,3
1659,2:18:15,eueowl1,0.055908188223838806,4
1659,2:18:15,watrai1,0.039700835943222046,5
1660,2:18:20,tawowl1,0.07989906519651413,1
1660,2:18:20,loeowl,0.0656014084815979,2
1660,2:18:20,eueowl1,0.05901360139250755,3
1660,2:18:20,watrai1,0.02864781580865383,4
1660,2:18:20,commoo3,0.028117632493376732,5
1661,2:18:25,eueowl1,0.0892302393913269,1
1661,2:18:25,tawowl1,0.06437201052904129,2
1661,2:18:25,loeowl,0.03571690618991852,3
1661,2:18:25,watrai1,0.030224183574318886,4
1661,2:18:25,ortbun1,0.026474550366401672,5
1662,2:18:30,tawowl1,0.13406500220298767,1
1662,2:18:30,loeowl,0.09094835072755814,2
1662,2:18:30,eueowl1,0.05534234642982483,3
1662,2:18:30,brnowl,0.04139077663421631,4
1662,2:18:30,commoo3,0.027918517589569092,5
1663,2:18:35,loeowl,0.1627824753522873,1
1663,2:18:35,eueowl1,0.048027537763118744,2
1663,2:18:35,watrai1,0.02873011864721775,3
1663,2:18:35,tawowl1,0.02594987489283085,4
1663,2:18:35,grhowl,0.02161732129752636,5
1664,2:18:40,tawowl1,0.06873095780611038,1
1664,2:18:40,eueowl1,0.0531369149684906,2
1664,2:18:40,loeowl,0.03858484700322151,3
1664,2:18:40,brnowl,0.023793049156665802,4
1664,2:18:40,watrai1,0.022914092987775803,5
1665,2:18:45,tawowl1,0.09722863137722015,1
1665,2:18:45,eueowl1,0.05060330778360367,2
1665,2:18:45,eurcoo,0.04459672048687935,3
1665,2:18:45,commoo3,0.0370275042951107,4
1665,2:18:45,loeowl,0.03556313365697861,5
1666,2:18:50,brnowl,0.20080217719078064,1
1666,2:18:50,loeowl,0.1804916262626648,2
1666,2:18:50,eurjay1,0.10191088914871216,3
1666,2:18:50,tawowl1,0.061291374266147614,4
1666,2:18:50,litowl1,0.029567914083600044,5
1667,2:18:55,tawowl1,0.08345381915569305,1
1667,2:18:55,eurcoo,0.0550030954182148,2
1667,2:18:55,loeowl,0.04587627574801445,3
1667,2:18:55,commoo3,0.03678703308105469,4
1667,2:18:55,eueowl1,0.03417382389307022,5
1668,2:19:00,tawowl1,0.09087219834327698,1
1668,2:19:00,loeowl,0.06244505196809769,2
1668,2:19:00,commoo3,0.037272267043590546,3
1668,2:19:00,eurrob1,0.0348176583647728,4
1668,2:19:00,eueowl1,0.03364533185958862,5
1669,2:19:05,comqua1,0.13861821591854095,1
1669,2:19:05,eurnig1,0.07017599791288376,2
1669,2:19:05,tawowl1,0.06351296603679657,3
1669,2:19:05,spocra1,0.03985751420259476,4
1669,2:19:05,commoo3,0.0329841747879982,5
1670,2:19:10,eurrob1,0.12942959368228912,1
1670,2:19:10,eurtre1,0.05902153253555298,2
1670,2:19:10,tawowl1,0.04836905747652054,3
1670,2:19:10,eurbla,0.03651629388332367,4
1670,2:19:10,goldcr1,0.03595113754272461,5
1671,2:19:15,tawowl1,0.05372551456093788,1
1671,2:19:15,eueowl1,0.0474613793194294,2
1671,2:19:15,loeowl,0.04272797331213951,3
1671,2:19:15,watrai1,0.03819233179092407,4
1671,2:19:15,grhowl,0.02949744462966919,5
1672,2:19:20,watrai1,0.08224952220916748,1
1672,2:19:20,grebit1,0.06586429476737976,2
1672,2:19:20,whtspa,0.04944894090294838,3
1672,2:19:20,tawowl1,0.0365765355527401,4
1672,2:19:20,herthr,0.015704810619354248,5
1673,2:19:25,tawowl1,0.1318248212337494,1
1673,2:19:25,brnowl,0.07952931523323059,2
1673,2:19:25,eueowl1,0.053655870258808136,3
1673,2:19:25,loeowl,0.033452633768320084,4
1673,2:19:25,eurcoo,0.02843436598777771,5
1674,2:19:30,brnowl,0.15781620144844055,1
1674,2:19:30,blawoo1,0.09801583737134933,2
1674,2:19:30,tawowl1,0.07388054579496384,3
1674,2:19:30,eurjay1,0.03066437877714634,4
1674,2:19:30,litowl1,0.025691889226436615,5
1675,2:19:35,eueowl1,0.099769726395607,1
1675,2:19:35,watrai1,0.04194033145904541,2
1675,2:19:35,tawowl1,0.040886662900447845,3
1675,2:19:35,loeowl,0.036818813532590866,4
1675,2:19:35,eurcoo,0.032232314348220825,5
1676,2:19:40,tawowl1,0.06401713192462921,1
1676,2:19:40,watrai1,0.058716800063848495,2
1676,2:19:40,eurcoo,0.045749541372060776,3
1676,2:19:40,loeowl,0.03896475210785866,4
1676,2:19:40,eueowl1,0.028289509937167168,5
1677,2:19:45,brnowl,0.14005059003829956,1
1677,2:19:45,eueowl1,0.06851761788129807,2
1677,2:19:45,tawowl1,0.05672570317983627,3
1677,2:19:45,loeowl,0.04551947861909866,4
1677,2:19:45,watrai1,0.025550374761223793,5
1678,2:19:50,tawowl1,0.07423798739910126,1
1678,2:19:50,watrai1,0.04880257323384285,2
1678,2:19:50,eueowl1,0.03913835063576698,3
1678,2:19:50,loeowl,0.03285635635256767,4
1678,2:19:50,commoo3,0.031304556876420975,5
1679,2:19:55,tawowl1,0.08809689432382584,1
1679,2:19:55,eueowl1,0.07453278452157974,2
1679,2:19:55,loeowl,0.06211270019412041,3
1679,2:19:55,eurcoo,0.03182271122932434,4
1679,2:19:55,watrai1,0.028874119743704796,5
1680,2:20:00,tawowl1,0.06795022636651993,1
1680,2:20:00,loeowl,0.050241682678461075,2
1680,2:20:00,eueowl1,0.03818657994270325,3
1680,2:20:00,commoo3,0.03273029252886772,4
1680,2:20:00,watrai1,0.0307064950466156,5
1681,2:20:05,tawowl1,0.0966583639383316,1
1681,2:20:05,eurcoo,0.05924362316727638,2
1681,2:20:05,commoo3,0.05140586942434311,3
1681,2:20:05,eueowl1,0.034744635224342346,4
1681,2:20:05,loeowl,0.031030813232064247,5
1682,2:20:10,tawowl1,0.10316760838031769,1
1682,2:20:10,loeowl,0.0646311342716217,2
1682,2:20:10,eurcoo,0.044112805277109146,3
1682,2:20:10,commoo3,0.0410492941737175,4
1682,2:20:10,eueowl1,0.034453000873327255,5
1683,2:20:15,tawowl1,0.08452067524194717,1
1683,2:20:15,eurcoo,0.05098503455519676,2
1683,2:20:15,eueowl1,0.0456121526658535,3
1683,2:20:15,loeowl,0.044951651245355606,4
1683,2:20:15,grebit1,0.035250626504421234,5
1684,2:20:20,loeowl,0.06498466432094574,1
1684,2:20:20,tawowl1,0.05954093486070633,2
1684,2:20:20,eurcoo,0.036234691739082336,3
1684,2:20:20,eueowl1,0.022185077890753746,4
1684,2:20:20,commoo3,0.02132466621696949,5
1685,2:20:25,tawowl1,0.09367088228464127,1
1685,2:20:25,loeowl,0.04677257314324379,2
1685,2:20:25,eurcoo,0.03613166883587837,3
1685,2:20:25,eueowl1,0.033358968794345856,4
1685,2:20:25,commoo3,0.03319782763719559,5
1686,2:20:30,tawowl1,0.13888190686702728,1
1686,2:20:30,eueowl1,0.040496472269296646,2
1686,2:20:30,loeowl,0.03735215961933136,3
1686,2:20:30,eurnig1,0.03184330463409424,4
1686,2:20:30,commoo3,0.02784086763858795,5
1687,2:20:35,tawowl1,0.10740408301353455,1
1687,2:20:35,loeowl,0.05053615942597389,2
1687,2:20:35,eueowl1,0.04470871388912201,3
1687,2:20:35,eurcoo,0.041380539536476135,4
1687,2:20:35,commoo3,0.03996652737259865,5
1688,2:20:40,eueowl1,0.10927607864141464,1
1688,2:20:40,loeowl,0.09609506279230118,2
1688,2:20:40,tawowl1,0.09580278396606445,3
1688,2:20:40,commoo3,0.033934008330106735,4
1688,2:20:40,eurcoo,0.02927619032561779,5
1689,2:20:45,tawowl1,0.08297967910766602,1
1689,2:20:45,eueowl1,0.06422705203294754,2
1689,2:20:45,eurcoo,0.059438012540340424,3
1689,2:20:45,commoo3,0.057304225862026215,4
1689,2:20:45,watrai1,0.03845484182238579,5
1690,2:20:50,tawowl1,0.0944647416472435,1
1690,2:20:50,eurcoo,0.05100542679429054,2
1690,2:20:50,eueowl1,0.05081825330853462,3
1690,2:20:50,commoo3,0.04496067017316818,4
1690,2:20:50,loeowl,0.04101848229765892,5
1691,2:20:55,tawowl1,0.11454067379236221,1
1691,2:20:55,loeowl,0.07657313346862793,2
1691,2:20:55,eurcoo,0.04758933186531067,3
1691,2:20:55,commoo3,0.04031594097614288,4
1691,2:20:55,eurnig1,0.032012939453125,5
1692,2:21:00,eurtre1,0.13547562062740326,1
1692,2:21:00,loeowl,0.12402523308992386,2
1692,2:21:00,eurrob1,0.09169206768274307,3
1692,2:21:00,eurbla,0.037673600018024445,4
1692,2:21:00,goldcr1,0.0367349348962307,5
1693,2:21:05,tawowl1,0.13814790546894073,1
1693,2:21:05,loeowl,0.09946037083864212,2
1693,2:21:05,commoo3,0.039483100175857544,3
1693,2:21:05,eurcoo,0.03676367551088333,4
1693,2:21:05,eueowl1,0.02861052006483078,5
1694,2:21:10,tawowl1,0.07142142206430435,1
1694,2:21:10,loeowl,0.06402796506881714,2
1694,2:21:10,commoo3,0.05730213597416878,3
1694,2:21:10,eurcoo,0.043714020401239395,4
1694,2:21:10,eurnig1,0.03165803849697113,5
1695,2:21:15,tawowl1,0.10819632560014725,1
1695,2:21:15,loeowl,0.05926066264510155,2
1695,2:21:15,eurcoo,0.05475659295916557,3
1695,2:21:15,commoo3,0.046632517129182816,4
1695,2:21:15,eurnig1,0.03555778041481972,5
1696,2:21:20,tawowl1,0.08820205181837082,1
1696,2:21:20,loeowl,0.07121465355157852,2
1696,2:21:20,eueowl1,0.033077582716941833,3
1696,2:21:20,eurnig1,0.03004215843975544,4
1696,2:21:20,eurcoo,0.02994369901716709,5
1697,2:21:25,tawowl1,0.10572172701358795,1
1697,2:21:25,commoo3,0.06324659287929535,2
1697,2:21:25,eurcoo,0.040974948555231094,3
1697,2:21:25,eueowl1,0.03771187737584114,4
1697,2:21:25,loeowl,0.0314127579331398,5
1698,2:21:30,brnowl,0.2758796215057373,1
1698,2:21:30,litowl1,0.14215447008609772,2
1698,2:21:30,tawowl1,0.03345046192407608,3
1698,2:21:30,redwin,0.026167158037424088,4
1698,2:21:30,blksco1,0.021863073110580444,5
1699,2:21:35,eurrob1,0.09242357313632965,1
1699,2:21:35,tawowl1,0.05591566488146782,2
1699,2:21:35,loeowl,0.053577885031700134,3
1699,2:21:35,spofly1,0.030781440436840057,4
1699,2:21:35,eueowl1,0.027970846742391586,5
1700,2:21:40,tawowl1,0.04175494983792305,1
1700,2:21:40,loeowl,0.03058054856956005,2
1700,2:21:40,eueowl1,0.027834337204694748,3
1700,2:21:40,comrav,0.027744481340050697,4
1700,2:21:40,commoo3,0.024148110300302505,5
1701,2:21:45,brnowl,0.31251460313796997,1
1701,2:21:45,loeowl,0.09662036597728729,2
1701,2:21:45,tawowl1,0.06972557306289673,3
1701,2:21:45,litowl1,0.02684704400599003,4
1701,2:21:45,eurjay1,0.022593405097723007,5
1702,2:21:50,tawowl1,0.12289498001337051,1
1702,2:21:50,eueowl1,0.07023729383945465,2
1702,2:21:50,loeowl,0.06380007416009903,3
1702,2:21:50,watrai1,0.04072892293334007,4
1702,2:21:50,brnowl,0.034924138337373734,5
1703,2:21:55,eueowl1,0.07869566977024078,1
1703,2:21:55,tawowl1,0.06756913661956787,2
1703,2:21:55,loeowl,0.06264233589172363,3
1703,2:21:55,brnowl,0.039634618908166885,4
1703,2:21:55,comrav,0.021344754844903946,5
1704,2:22:00,tawowl1,0.08750199526548386,1
1704,2:22:00,grebit1,0.04048677906394005,2
1704,2:22:00,eueowl1,0.0403076596558094,3
1704,2:22:00,loeowl,0.03321870416402817,4
1704,2:22:00,comqua1,0.03194766119122505,5
1705,2:22:05,tawowl1,0.08194152265787125,1
1705,2:22:05,eueowl1,0.0732586532831192,2
1705,2:22:05,loeowl,0.06340374797582626,3
1705,2:22:05,grebit1,0.03463749215006828,4
1705,2:22:05,commoo3,0.03025263547897339,5
1706,2:22:10,tawowl1,0.07525996118783951,1
1706,2:22:10,loeowl,0.06074044480919838,2
1706,2:22:10,commoo3,0.06044234707951546,3
1706,2:22:10,eurcoo,0.04841674864292145,4
1706,2:22:10,watrai1,0.03702646493911743,5
1707,2:22:15,commoo3,0.07473713159561157,1
1707,2:22:15,tawowl1,0.06553772836923599,2
1707,2:22:15,loeowl,0.04206738993525505,3
1707,2:22:15,eurcoo,0.039968572556972504,4
1707,2:22:15,eurnig1,0.029625780880451202,5
1708,2:22:20,tawowl1,0.12912821769714355,1
1708,2:22:20,loeowl,0.06987559795379639,2
1708,2:22:20,commoo3,0.06678993254899979,3
1708,2:22:20,eurcoo,0.05901086702942848,4
1708,2:22:20,eueowl1,0.03405506908893585,5
1709,2:22:25,loeowl,0.07659559696912766,1
1709,2:22:25,tawowl1,0.07637392729520798,2
1709,2:22:25,eurcoo,0.060184866189956665,3
1709,2:22:25,commoo3,0.05623790994286537,4
1709,2:22:25,eueowl1,0.036285433918237686,5
1710,2:22:30,loeowl,0.07309737801551819,1
1710,2:22:30,tawowl1,0.06974904239177704,2
1710,2:22:30,commoo3,0.04523883014917374,3
1710,2:22:30,eurcoo,0.03475714847445488,4
1710,2:22:30,eurnig1,0.03441894054412842,5
1711,2:22:35,tawowl1,0.10847669839859009,1
1711,2:22:35,loeowl,0.0669395700097084,2
1711,2:22:35,commoo3,0.05929863825440407,3
1711,2:22:35,eueowl1,0.04197541996836662,4
1711,2:22:35,eurcoo,0.03418914973735809,5
1712,2:22:40,tawowl1,0.09185652434825897,1
1712,2:22:40,loeowl,0.059802498668432236,2
1712,2:22:40,brnowl,0.04911505803465843,3
1712,2:22:40,eueowl1,0.0418524295091629,4
1712,2:22:40,ortbun1,0.03409285843372345,5
1713,2:22:45,tawowl1,0.07371576875448227,1
1713,2:22:45,eueowl1,0.06335034221410751,2
1713,2:22:45,commoo3,0.03834913298487663,3
1713,2:22:45,watrai1,0.038294531404972076,4
1713,2:22:45,loeowl,0.03556761518120766,5
1714,2:22:50,eueowl1,0.07466261088848114,1
1714,2:22:50,tawowl1,0.041215930134058,2
1714,2:22:50,grebit1,0.03683312609791756,3
1714,2:22:50,loeowl,0.03383144363760948,4
1714,2:22:50,litbit1,0.0319628044962883,5
1715,2:22:55,tawowl1,0.05875038728117943,1
1715,2:22:55,loeowl,0.05447117239236832,2
1715,2:22:55,eueowl1,0.046000901609659195,3
1715,2:22:55,commoo3,0.0393148772418499,4
1715,2:22:55,brnowl,0.031197447329759598,5
1716,2:23:00,grefla3,0.04681176319718361,1
1716,2:23:00,tawowl1,0.03168866038322449,2
1716,2:23:00,loeowl,0.024420088157057762,3
1716,2:23:00,watrai1,0.019070453941822052,4
1716,2:23:00,waldra1,0.018917923793196678,5
1717,2:23:05,litowl1,0.09578008204698563,1
1717,2:23:05,brnowl,0.09054427593946457,2
1717,2:23:05,brdowl,0.023305855691432953,3
1717,2:23:05,tawowl1,0.02116398885846138,4
1717,2:23:05,eueowl1,0.02092103660106659,5
1718,2:23:10,brnowl,0.08852725476026535,1
1718,2:23:10,litowl1,0.06210259348154068,2
1718,2:23:10,eueowl1,0.05085104703903198,3
1718,2:23:10,tawowl1,0.04088447242975235,4
1718,2:23:10,ortbun1,0.023757774382829666,5
1719,2:23:15,tawowl1,0.08896554261445999,1
1719,2:23:15,eueowl1,0.07025979459285736,2
1719,2:23:15,watrai1,0.04407584294676781,3
1719,2:23:15,commoo3,0.03873531520366669,4
1719,2:23:15,brnowl,0.038546446710824966,5
1720,2:23:20,comrav,0.03923100233078003,1
1720,2:23:20,loeowl,0.030631916597485542,2
1720,2:23:20,tawowl1,0.030059773474931717,3
1720,2:23:20,eurrob1,0.02874346449971199,4
1720,2:23:20,commoo3,0.02551678754389286,5
1721,2:23:25,tawowl1,0.06821181625127792,1
1721,2:23:25,grebit1,0.05554911866784096,2
1721,2:23:25,comrav,0.04989132657647133,3
1721,2:23:25,eueowl1,0.0449950248003006,4
1721,2:23:25,loeowl,0.03909214958548546,5
1722,2:23:30,tawowl1,0.0698959082365036,1
1722,2:23:30,eueowl1,0.060450248420238495,2
1722,2:23:30,eurcoo,0.0294073224067688,3
1722,2:23:30,watrai1,0.028101086616516113,4
1722,2:23:30,eurrob1,0.026530006900429726,5
1723,2:23:35,brnowl,0.795162558555603,1
1723,2:23:35,tawowl1,0.034404657781124115,2
1723,2:23:35,litowl1,0.024032894521951675,3
1723,2:23:35,loeowl,0.010957859456539154,4
1723,2:23:35,commoo3,0.008238636888563633,5
1724,2:23:40,eurrob1,0.0681406632065773,1
1724,2:23:40,tawowl1,0.05021155998110771,2
1724,2:23:40,sonthr1,0.04975904896855354,3
1724,2:23:40,eueowl1,0.026661913841962814,4
1724,2:23:40,spofly1,0.021060030907392502,5
1725,2:23:45,tawowl1,0.057623956352472305,1
1725,2:23:45,loeowl,0.05144534632563591,2
1725,2:23:45,brnowl,0.032604943960905075,3
1725,2:23:45,watrai1,0.02821025811135769,4
1725,2:23:45,eueowl1,0.026795750483870506,5
1726,2:23:50,winwre4,0.09042313694953918,1
1726,2:23:50,sonthr1,0.03998899087309837,2
1726,2:23:50,eurrob1,0.039296116679906845,3
1726,2:23:50,eurbla,0.03775044158101082,4
1726,2:23:50,tawowl1,0.02197713404893875,5
1727,2:23:55,commoo3,0.08143755793571472,1
1727,2:23:55,eurcoo,0.07387080043554306,2
1727,2:23:55,wilpta,0.06021261215209961,3
1727,2:23:55,watrai1,0.05180548503994942,4
1727,2:23:55,tawowl1,0.03932289406657219,5
1728,2:24:00,loeowl,0.0958206057548523,1
1728,2:24:00,tawowl1,0.08523391932249069,2
1728,2:24:00,eurcoo,0.053376685827970505,3
1728,2:24:00,commoo3,0.04001341015100479,4
1728,2:24:00,eueowl1,0.033344872295856476,5
1729,2:24:05,loeowl,0.10426095873117447,1
1729,2:24:05,tawowl1,0.07764319330453873,2
1729,2:24:05,eurcoo,0.055070213973522186,3
1729,2:24:05,brnowl,0.04651987552642822,4
1729,2:24:05,commoo3,0.039375413209199905,5
1730,2:24:10,tawowl1,0.10427425801753998,1
1730,2:24:10,loeowl,0.09668850153684616,2
1730,2:24:10,uraowl1,0.05235031247138977,3
1730,2:24:10,eurcoo,0.04191485047340393,4
1730,2:24:10,brnowl,0.024753598496317863,5
1731,2:24:15,tawowl1,0.08905132859945297,1
1731,2:24:15,loeowl,0.053656648844480515,2
1731,2:24:15,commoo3,0.03674721717834473,3
1731,2:24:15,eueowl1,0.03647298365831375,4
1731,2:24:15,watrai1,0.03638291358947754,5
1732,2:24:20,tawowl1,0.0965275689959526,1
1732,2:24:20,loeowl,0.058857716619968414,2
1732,2:24:20,eurcoo,0.053645696491003036,3
1732,2:24:20,commoo3,0.048871882259845734,4
1732,2:24:20,eurnig1,0.03398768603801727,5
1733,2:24:25,tawowl1,0.07962986826896667,1
1733,2:24:25,eurcoo,0.07545199245214462,2
1733,2:24:25,commoo3,0.06409819424152374,3
1733,2:24:25,loeowl,0.04771573096513748,4
1733,2:24:25,watrai1,0.03372395038604736,5
1734,2:24:30,tawowl1,0.35001784563064575,1
1734,2:24:30,eurcoo,0.03432166203856468,2
1734,2:24:30,loeowl,0.02613859809935093,3
1734,2:24:30,commoo3,0.02553778514266014,4
1734,2:24:30,eurnig1,0.024986524134874344,5
1735,2:24:35,tawowl1,0.15428687632083893,1
1735,2:24:35,loeowl,0.04736119136214256,2
1735,2:24:35,eurwoo,0.03378269448876381,3
1735,2:24:35,grebit1,0.027319038286805153,4
1735,2:24:35,hazgro1,0.026749325916171074,5
1736,2:24:40,tawowl1,0.12598320841789246,1
1736,2:24:40,eurcoo,0.06187170371413231,2
1736,2:24:40,commoo3,0.04778623580932617,3
1736,2:24:40,eurnig1,0.03593970462679863,4
1736,2:24:40,loeowl,0.032764583826065063,5
1737,2:24:45,tawowl1,0.09834922105073929,1
1737,2:24:45,loeowl,0.05520912632346153,2
1737,2:24:45,eurcoo,0.051823556423187256,3
1737,2:24:45,commoo3,0.04399976134300232,4
1737,2:24:45,eurnig1,0.03919403254985809,5
1738,2:24:50,tawowl1,0.09036695212125778,1
1738,2:24:50,loeowl,0.06334961205720901,2
1738,2:24:50,commoo3,0.04785289987921715,3
1738,2:24:50,eurcoo,0.043724846094846725,4
1738,2:24:50,eueowl1,0.029449457302689552,5
1739,2:24:55,tawowl1,0.287362277507782,1
1739,2:24:55,loeowl,0.07508400082588196,2
1739,2:24:55,eurcoo,0.05624190717935562,3
1739,2:24:55,eueowl1,0.03474847599864006,4
1739,2:24:55,grebit1,0.028676491230726242,5
1740,2:25:00,tawowl1,0.057148899883031845,1
1740,2:25:00,eueowl1,0.04543770104646683,2
1740,2:25:00,loeowl,0.03754792362451553,3
1740,2:25:00,eurrob1,0.03280765935778618,4
1740,2:25:00,eurcoo,0.03278430178761482,5
1741,2:25:05,tawowl1,0.1083182618021965,1
1741,2:25:05,eueowl1,0.0539550818502903,2
1741,2:25:05,loeowl,0.047423094511032104,3
1741,2:25:05,eurcoo,0.04369769245386124,4
1741,2:25:05,commoo3,0.030732229351997375,5
1742,2:25:10,tawowl1,0.11547733098268509,1
1742,2:25:10,eueowl1,0.05471207946538925,2
1742,2:25:10,loeowl,0.04692918434739113,3
1742,2:25:10,grebit1,0.03515190631151199,4
1742,2:25:10,commoo3,0.03115050122141838,5
1743,2:25:15,eueowl1,0.053521811962127686,1
1743,2:25:15,tawowl1,0.05243770033121109,2
1743,2:25:15,brnowl,0.04031643271446228,3
1743,2:25:15,commoo3,0.033587388694286346,4
1743,2:25:15,loeowl,0.03330792486667633,5
1744,2:25:20,tawowl1,0.08054397255182266,1
1744,2:25:20,eueowl1,0.046998102217912674,2
1744,2:25:20,loeowl,0.03650231286883354,3
1744,2:25:20,watrai1,0.03121165744960308,4
1744,2:25:20,comcra,0.030146067962050438,5
1745,2:25:25,eueowl1,0.06321967393159866,1
1745,2:25:25,tawowl1,0.06176932901144028,2
1745,2:25:25,loeowl,0.054015908390283585,3
1745,2:25:25,eurcoo,0.030427271500229836,4
1745,2:25:25,watrai1,0.02322179079055786,5
1746,2:25:30,eurrob1,0.04107161983847618,1
1746,2:25:30,tawowl1,0.03700539097189903,2
1746,2:25:30,eueowl1,0.032978881150484085,3
1746,2:25:30,watrai1,0.028646543622016907,4
1746,2:25:30,loeowl,0.0284968763589859,5
1747,2:25:35,tawowl1,0.03921637684106827,1
1747,2:25:35,watrai1,0.03400646522641182,2
1747,2:25:35,brnowl,0.028510134667158127,3
1747,2:25:35,ortbun1,0.028435008600354195,4
1747,2:25:35,spofly1,0.02102816291153431,5
1748,2:25:40,watrai1,0.09671103209257126,1
1748,2:25:40,eueowl1,0.048780158162117004,2
1748,2:25:40,tawowl1,0.030929330736398697,3
1748,2:25:40,loeowl,0.03038475662469864,4
1748,2:25:40,commoo3,0.02584080956876278,5
1749,2:25:45,sonthr1,0.033611804246902466,1
1749,2:25:45,tawowl1,0.033313218504190445,2
1749,2:25:45,eurrob1,0.03153323754668236,3
1749,2:25:45,loeowl,0.030290866270661354,4
1749,2:25:45,sarwar1,0.02181909792125225,5
1750,2:25:50,loeowl,0.28457292914390564,1
1750,2:25:50,eurrob1,0.15169715881347656,2
1750,2:25:50,watrai1,0.10751382261514664,3
1750,2:25:50,norlap,0.03740568086504936,4
1750,2:25:50,spofly1,0.03484582155942917,5
1751,2:25:55,tawowl1,0.06371818482875824,1
1751,2:25:55,eueowl1,0.057393595576286316,2
1751,2:25:55,commoo3,0.04999454692006111,3
1751,2:25:55,watrai1,0.03455474600195885,4
1751,2:25:55,eurnig1,0.0341341570019722,5
1752,2:26:00,tawowl1,0.05252920091152191,1
1752,2:26:00,loeowl,0.04379967227578163,2
1752,2:26:00,commoo3,0.028738560155034065,3
1752,2:26:00,eueowl1,0.02822784334421158,4
1752,2:26:00,eurcoo,0.024449532851576805,5
1753,2:26:05,brnowl,0.25858691334724426,1
1753,2:26:05,tawowl1,0.1516958326101303,2
1753,2:26:05,litowl1,0.07930651307106018,3
1753,2:26:05,eueowl1,0.02516520395874977,4
1753,2:26:05,watrai1,0.02255263924598694,5
1754,2:26:10,tawowl1,0.0684419497847557,1
1754,2:26:10,eurrob1,0.04143441095948219,2
1754,2:26:10,loeowl,0.03701703995466232,3
1754,2:26:10,comrav,0.035597268491983414,4
1754,2:26:10,rinphe,0.024917790666222572,5
1755,2:26:15,tawowl1,0.1403854936361313,1
1755,2:26:15,eueowl1,0.08500287681818008,2
1755,2:26:15,brnowl,0.0765017718076706,3
1755,2:26:15,loeowl,0.06733518838882446,4
1755,2:26:15,watrai1,0.024983389303088188,5
1756,2:26:20,tawowl1,0.10186377912759781,1
1756,2:26:20,loeowl,0.05409807711839676,2
1756,2:26:20,eueowl1,0.05178935080766678,3
1756,2:26:20,commoo3,0.019255831837654114,4
1756,2:26:20,watrai1,0.017556048929691315,5
1757,2:26:25,tawowl1,0.1690962165594101,1
1757,2:26:25,loeowl,0.056479889899492264,2
1757,2:26:25,eueowl1,0.03615175560116768,3
1757,2:26:25,eurcoo,0.02755909040570259,4
1757,2:26:25,commoo3,0.026415329426527023,5
1758,2:26:30,spofly1,0.26116371154785156,1
1758,2:26:30,eurrob1,0.1649017184972763,2
1758,2:26:30,loeowl,0.03504987806081772,3
1758,2:26:30,eurbla,0.0234332624822855,4
1758,2:26:30,tawowl1,0.018951432779431343,5
1759,2:26:35,tawowl1,0.11609318852424622,1
1759,2:26:35,loeowl,0.05989602208137512,2
1759,2:26:35,eueowl1,0.03718984127044678,3
1759,2:26:35,eurcoo,0.02767680026590824,4
1759,2:26:35,grebit1,0.02719406597316265,5
1760,2:26:40,eueowl1,0.10690439492464066,1
1760,2:26:40,loeowl,0.08777990192174911,2
1760,2:26:40,tawowl1,0.08206374943256378,3
1760,2:26:40,comqua1,0.040854886174201965,4
1760,2:26:40,grhowl,0.021252872422337532,5
1761,2:26:45,shtgro,0.21978242695331573,1
1761,2:26:45,comrav,0.0867680162191391,2
1761,2:26:45,manshe,0.034241996705532074,3
1761,2:26:45,tawowl1,0.025212397798895836,4
1761,2:26:45,giacoo1,0.024845654144883156,5
1762,2:26:50,loeowl,0.0934169813990593,1
1762,2:26:50,tawowl1,0.09023723006248474,2
1762,2:26:50,eueowl1,0.04448947682976723,3
1762,2:26:50,watrai1,0.031986746937036514,4
1762,2:26:50,eurcoo,0.017215780913829803,5
1763,2:26:55,litowl1,0.15805156528949738,1
1763,2:26:55,brnowl,0.09560216218233109,2
1763,2:26:55,tawowl1,0.04157552495598793,3
1763,2:26:55,grebit1,0.0335419625043869,4
1763,2:26:55,winwre4,0.03262050822377205,5
1764,2:27:00,eueowl1,0.06511153280735016,1
1764,2:27:00,tawowl1,0.056942351162433624,2
1764,2:27:00,whrswi1,0.028705406934022903,3
1764,2:27:00,watrai1,0.023254722356796265,4
1764,2:27:00,brnowl,0.020879516378045082,5
1765,2:27:05,tawowl1,0.11228027194738388,1
1765,2:27:05,eueowl1,0.05121994763612747,2
1765,2:27:05,commoo3,0.04006325453519821,3
1765,2:27:05,loeowl,0.038935307413339615,4
1765,2:27:05,eurcoo,0.03600740060210228,5
1766,2:27:10,tawowl1,0.04986334592103958,1
1766,2:27:10,loeowl,0.044858064502477646,2
1766,2:27:10,eueowl1,0.0440087728202343,3
1766,2:27:10,commoo3,0.0366341769695282,4
1766,2:27:10,comqua1,0.02419363148510456,5
1767,2:27:15,blawoo1,0.11454584449529648,1
1767,2:27:15,loeowl,0.06123264506459236,2
1767,2:27:15,watrai1,0.06066865846514702,3
1767,2:27:15,eurcoo,0.05570167675614357,4
1767,2:27:15,tawowl1,0.04012144356966019,5
1768,2:27:20,tawowl1,0.12683549523353577,1
1768,2:27:20,loeowl,0.06525086611509323,2
1768,2:27:20,commoo3,0.054880160838365555,3
1768,2:27:20,eueowl1,0.04601873457431793,4
1768,2:27:20,comqua1,0.024372924119234085,5
1769,2:27:25,tawowl1,0.2320292890071869,1
1769,2:27:25,brnowl,0.20692384243011475,2
1769,2:27:25,loeowl,0.06515266746282578,3
1769,2:27:25,eueowl1,0.03272330015897751,4
1769,2:27:25,eurcoo,0.027228649705648422,5
1770,2:27:30,dunlin,0.10029115527868271,1
1770,2:27:30,watrai1,0.0971812829375267,2
1770,2:27:30,tawowl1,0.04699116200208664,3
1770,2:27:30,eugplo,0.02221171371638775,4
1770,2:27:30,santer1,0.019369050860404968,5
1771,2:27:35,commoo3,0.16956482827663422,1
1771,2:27:35,comrav,0.04177536815404892,2
1771,2:27:35,tawowl1,0.04073471575975418,3
1771,2:27:35,eueowl1,0.03663168475031853,4
1771,2:27:35,comqua1,0.030585413798689842,5
1772,2:27:40,tawowl1,0.05930269509553909,1
1772,2:27:40,eueowl1,0.05332709476351738,2
1772,2:27:40,grebit1,0.04706744849681854,3
1772,2:27:40,loeowl,0.03988291323184967,4
1772,2:27:40,grhowl,0.031166482716798782,5
1773,2:27:45,tawowl1,0.111149862408638,1
1773,2:27:45,loeowl,0.06771595776081085,2
1773,2:27:45,eueowl1,0.04805764928460121,3
1773,2:27:45,eurcoo,0.03129776567220688,4
1773,2:27:45,commoo3,0.02901921421289444,5
1774,2:27:50,eueowl1,0.2121112048625946,1
1774,2:27:50,loeowl,0.09821297228336334,2
1774,2:27:50,eurcoo,0.05718205124139786,3
1774,2:27:50,uraowl1,0.04641502723097801,4
1774,2:27:50,flaowl,0.04604716971516609,5
1775,2:27:55,tawowl1,0.06805001199245453,1
1775,2:27:55,brnowl,0.06508786976337433,2
1775,2:27:55,loeowl,0.05010264739394188,3
1775,2:27:55,commoo3,0.02999376319348812,4
1775,2:27:55,eueowl1,0.02703787013888359,5
1776,2:28:00,brnowl,0.8246111273765564,1
1776,2:28:00,litowl1,0.03837175667285919,2
1776,2:28:00,loeowl,0.011853750795125961,3
1776,2:28:00,tawowl1,0.010229653678834438,4
1776,2:28:00,eurjay1,0.00887167640030384,5
1777,2:28:05,tawowl1,0.050620436668395996,1
1777,2:28:05,commoo3,0.04823019355535507,2
1777,2:28:05,goldcr1,0.04733904451131821,3
1777,2:28:05,loeowl,0.03145972266793251,4
1777,2:28:05,eurrob1,0.03049020655453205,5
1778,2:28:10,tawowl1,0.06659643352031708,1
1778,2:28:10,loeowl,0.05885307490825653,2
1778,2:28:10,eueowl1,0.03603390231728554,3
1778,2:28:10,eurcoo,0.03588734194636345,4
1778,2:28:10,commoo3,0.030505163595080376,5
1779,2:28:15,tawowl1,0.08511010557413101,1
1779,2:28:15,loeowl,0.08462630957365036,2
1779,2:28:15,commoo3,0.04663114249706268,3
1779,2:28:15,eueowl1,0.04004903882741928,4
1779,2:28:15,eurnig1,0.033207643777132034,5
1780,2:28:20,loeowl,0.14209230244159698,1
1780,2:28:20,tawowl1,0.05409013852477074,2
1780,2:28:20,eurrob1,0.04089803621172905,3
1780,2:28:20,eurbla,0.03017374686896801,4
1780,2:28:20,comchi1,0.028045736253261566,5
1781,2:28:25,tawowl1,0.08376076072454453,1
1781,2:28:25,commoo3,0.05487636476755142,2
1781,2:28:25,eueowl1,0.051356472074985504,3
1781,2:28:25,watrai1,0.03974386304616928,4
1781,2:28:25,manshe,0.03851667419075966,5
1782,2:28:30,tawowl1,0.0809422954916954,1
1782,2:28:30,sonthr1,0.054878443479537964,2
1782,2:28:30,eurcoo,0.038045138120651245,3
1782,2:28:30,commoo3,0.03772339969873428,4
1782,2:28:30,loeowl,0.034477103501558304,5
1783,2:28:35,tawowl1,0.14300277829170227,1
1783,2:28:35,loeowl,0.05237548425793648,2
1783,2:28:35,eurcoo,0.051639165729284286,3
1783,2:28:35,commoo3,0.05123339965939522,4
1783,2:28:35,eueowl1,0.047936130315065384,5
1784,2:28:40,tawowl1,0.0902014970779419,1
1784,2:28:40,eurcoo,0.07425772398710251,2
1784,2:28:40,commoo3,0.06448209285736084,3
1784,2:28:40,loeowl,0.04685674235224724,4
1784,2:28:40,eurnig1,0.044474586844444275,5
1785,2:28:45,tawowl1,0.07835753262042999,1
1785,2:28:45,eueowl1,0.05022355169057846,2
1785,2:28:45,loeowl,0.04322906583547592,3
1785,2:28:45,watrai1,0.030753981322050095,4
1785,2:28:45,eurcoo,0.030729418620467186,5
1786,2:28:50,loeowl,0.12282699346542358,1
1786,2:28:50,eueowl1,0.1019848883152008,2
1786,2:28:50,tawowl1,0.07741208374500275,3
1786,2:28:50,eurcoo,0.02466326206922531,4
1786,2:28:50,brnowl,0.023821648210287094,5
1787,2:28:55,tawowl1,0.07372041046619415,1
1787,2:28:55,eueowl1,0.06043177843093872,2
1787,2:28:55,commoo3,0.03727494552731514,3
1787,2:28:55,loeowl,0.03238122537732124,4
1787,2:28:55,rocpig,0.029120884835720062,5
1788,2:29:00,tawowl1,0.10516130924224854,1
1788,2:29:00,eueowl1,0.05070081725716591,2
1788,2:29:00,loeowl,0.04770194739103317,3
1788,2:29:00,eurcoo,0.03589056432247162,4
1788,2:29:00,commoo3,0.03007073886692524,5
1789,2:29:05,tawowl1,0.05762365460395813,1
1789,2:29:05,commoo3,0.054942354559898376,2
1789,2:29:05,eueowl1,0.045608315616846085,3
1789,2:29:05,eurcoo,0.0405476838350296,4
1789,2:29:05,watrai1,0.03575771674513817,5
1790,2:29:10,commoo3,0.08103340119123459,1
1790,2:29:10,tawowl1,0.06481175869703293,2
1790,2:29:10,eurnig1,0.05133344605565071,3
1790,2:29:10,eurcoo,0.04395205155014992,4
1790,2:29:10,loeowl,0.04334717616438866,5
1791,2:29:15,loeowl,0.3524503707885742,1
1791,2:29:15,eurrob1,0.09091076999902725,2
1791,2:29:15,tawowl1,0.08336526900529861,3
1791,2:29:15,watrai1,0.02930554747581482,4
1791,2:29:15,eurcoo,0.02851494401693344,5
1792,2:29:20,tawowl1,0.06951472908258438,1
1792,2:29:20,commoo3,0.057249296456575394,2
1792,2:29:20,eueowl1,0.04793150722980499,3
1792,2:29:20,eurcoo,0.043473005294799805,4
1792,2:29:20,loeowl,0.04078417271375656,5
1793,2:29:25,tawowl1,0.0798565223813057,1
1793,2:29:25,commoo3,0.05725377798080444,2
1793,2:29:25,eurcoo,0.04846733435988426,3
1793,2:29:25,loeowl,0.04764517769217491,4
1793,2:29:25,eueowl1,0.04279914125800133,5
1794,2:29:30,tawowl1,0.048492152243852615,1
1794,2:29:30,loeowl,0.04175546392798424,2
1794,2:29:30,eueowl1,0.033122122287750244,3
1794,2:29:30,eurcoo,0.029065458104014397,4
1794,2:29:30,commoo3,0.024936243891716003,5
1795,2:29:35,tawowl1,0.07104940712451935,1
1795,2:29:35,eueowl1,0.06233856454491615,2
1795,2:29:35,loeowl,0.04373398795723915,3
1795,2:29:35,eurcoo,0.03876546770334244,4
1795,2:29:35,watrai1,0.03429851680994034,5
1796,2:29:40,tawowl1,0.10107836872339249,1
1796,2:29:40,eueowl1,0.05910128727555275,2
1796,2:29:40,loeowl,0.052943211048841476,3
1796,2:29:40,watrai1,0.030975446105003357,4
1796,2:29:40,commoo3,0.027478011325001717,5
1797,2:29:45,brnowl,0.38314080238342285,1
1797,2:29:45,tawowl1,0.0536387600004673,2
1797,2:29:45,eueowl1,0.03224532678723335,3
1797,2:29:45,litowl1,0.019878067076206207,4
1797,2:29:45,ortbun1,0.018022581934928894,5
1798,2:29:50,brnowl,0.6928179860115051,1
1798,2:29:50,litowl1,0.04890041425824165,2
1798,2:29:50,eueowl1,0.02384442463517189,3
1798,2:29:50,loeowl,0.015407984144985676,4
1798,2:29:50,tawowl1,0.014171600341796875,5
1799,2:29:55,tawowl1,0.21444179117679596,1
1799,2:29:55,loeowl,0.05755361169576645,2
1799,2:29:55,eurjay1,0.03088971972465515,3
1799,2:29:55,eueowl1,0.026707960292696953,4
1799,2:29:55,comrav,0.023526910692453384,5
